0 31 3
0 32 1
0 35 2
0 36 2
0 39 2
0 44 2
0 45 2
0 51 2
0 56 2
1 31 2
1 33 2
1 34 1
1 42 2
1 49 2
1 50 2
1 56 2
1 58 2
2 31 2
2 39 1
2 43 2
2 44 3
2 45 2
2 55 3
2 59 2
3 33 2
3 37 2
3 40 2
3 41 2
3 43 1
3 46 2
3 52 2
3 53 2
3 57 2
3 60 2
4 33 2
4 34 2
4 37 2
4 39 3
4 45 2
4 50 2
4 57 2
4 58 1
4 60 2
5 43 1
5 46 2
5 49 1
5 50 2
5 51 2
6 31 1
6 34 2
6 37 1
6 38 2
6 46 2
6 52 1
6 57 2
6 58 2
6 59 2
6 60 2
7 32 1
7 36 2
7 45 3
7 49 2
7 50 2
7 54 1
7 57 3
8 33 3
8 40 2
8 43 2
8 47 1
8 51 2
8 53 2
8 57 2
8 60 2
9 31 3
9 36 2
9 38 2
9 40 2
9 55 2
9 56 1
10 31 2
10 38 2
10 43 2
10 48 3
10 50 2
10 51 2
10 53 2
10 58 3
11 37 2
11 40 1
11 44 2
11 49 2
11 52 2
11 53 1
11 57 2
12 32 3
12 35 2
12 36 2
12 42 2
12 45 2
12 49 1
12 53 2
12 54 2
12 57 3
13 32 2
13 41 2
13 47 1
13 48 3
13 49 2
13 50 2
13 55 3
13 58 2
13 59 2
14 35 2
14 36 2
14 37 1
14 44 2
14 48 3
14 50 2
14 54 2
14 56 2
14 59 2
15 33 1
15 42 3
15 44 1
15 50 2
15 56 2
15 60 1
16 34 2
16 35 2
16 40 2
16 44 2
16 46 2
16 47 1
16 50 2
16 52 2
16 54 2
16 56 2
17 35 2
17 41 2
17 44 2
17 48 2
17 51 2
17 52 2
17 53 2
17 55 1
17 60 2
18 32 2
18 36 2
18 42 1
18 45 3
18 51 3
18 56 2
19 32 2
19 34 2
19 36 2
19 38 2
19 39 2
19 47 2
19 52 2
19 53 2
19 54 2
19 56 2
19 58 2
19 60 2
20 35 1
20 43 2
20 45 1
20 46 3
20 47 2
20 58 2
21 39 2
21 44 2
21 46 2
21 47 1
21 51 3
21 54 2
21 55 1
21 57 2
22 32 2
22 36 2
22 37 2
22 38 3
22 41 2
22 42 2
22 48 2
22 54 2
22 55 1
22 56 3
22 58 2
22 59 1
23 32 2
23 37 2
23 46 2
23 47 2
23 50 1
23 51 3
23 52 2
23 53 2
23 59 2
23 60 3
24 39 2
24 40 3
24 41 1
24 48 3
24 52 2
24 54 2
24 56 2
25 31 2
25 34 2
25 35 1
25 39 2
25 41 2
25 45 2
25 47 1
25 59 3
26 33 2
26 37 2
26 38 3
26 40 3
26 43 2
26 53 1
26 54 2
26 59 2
27 31 2
27 40 2
27 41 3
27 44 3
27 47 2
27 50 2
27 56 2
27 59 2
28 34 2
28 36 3
28 38 2
28 42 1
28 49 2
28 52 2
29 34 1
29 36 2
29 39 2
29 42 1
29 46 2
29 50 2
29 51 2
29 54 2
29 58 2
30 32 2
30 35 2
30 36 1
30 40 3
30 44 2
30 47 3
30 49 2
30 54 2
31 61 1
31 62 2
31 65 3
31 69 2
31 72 2
31 74 2
31 75 2
31 79 2
31 88 2
32 61 2
32 64 3
32 66 3
32 72 2
32 73 2
32 80 2
32 81 2
32 84 2
32 85 3
32 88 3
33 61 2
33 67 2
33 69 3
33 72 2
33 74 1
33 81 2
33 84 1
33 87 2
34 63 2
34 66 2
34 70 2
34 73 3
34 82 2
34 83 2
34 86 2
34 90 2
35 63 2
35 69 1
35 75 2
35 87 1
35 90 1
36 73 2
36 76 1
36 78 3
36 79 3
36 89 2
37 61 2
37 64 2
37 66 1
37 68 3
37 76 3
37 82 3
37 88 2
37 89 2
38 62 1
38 67 2
38 73 2
38 75 2
38 79 2
38 81 2
38 87 2
38 89 2
39 63 1
39 64 2
39 70 2
39 73 2
39 74 3
39 76 2
39 83 2
39 86 2
39 90 2
40 61 1
40 64 2
40 65 2
40 68 2
40 72 2
40 74 2
40 76 3
40 81 1
40 84 2
41 61 2
41 68 2
41 72 3
41 78 2
41 79 2
41 80 1
41 83 3
41 88 1
42 61 2
42 70 3
42 74 2
42 82 2
42 83 3
42 86 2
43 62 3
43 65 2
43 67 2
43 71 2
43 72 2
43 75 2
43 78 3
43 79 2
43 87 2
44 70 3
44 77 3
44 79 2
44 81 2
44 84 1
44 88 2
45 64 3
45 66 2
45 67 3
45 78 2
45 80 2
45 85 2
45 87 2
45 89 1
46 63 3
46 64 2
46 67 2
46 71 1
46 73 2
46 74 3
46 85 2
46 87 2
47 62 2
47 64 2
47 65 2
47 66 2
47 68 2
47 70 2
47 76 3
47 77 2
47 80 2
47 81 2
47 82 2
47 90 2
48 65 2
48 66 2
48 70 2
48 78 1
48 82 2
48 83 2
48 84 3
48 90 2
49 62 2
49 63 2
49 71 3
49 75 1
49 79 2
49 90 2
50 62 2
50 64 2
50 67 1
50 69 2
50 83 1
50 86 3
50 88 1
51 62 2
51 65 3
51 67 2
51 75 2
51 76 1
51 77 2
51 87 2
52 69 2
52 77 2
52 79 1
52 80 2
52 84 3
52 86 3
53 66 2
53 67 2
53 68 1
53 70 2
53 78 2
53 84 3
53 85 1
53 89 3
54 66 2
54 74 2
54 80 3
54 81 1
54 83 2
54 89 3
54 90 2
55 68 2
55 69 1
55 70 1
55 72 2
55 76 2
55 78 1
55 81 2
55 82 2
55 86 3
56 62 2
56 64 2
56 65 3
56 69 2
56 75 2
56 76 2
56 77 3
56 86 2
56 88 2
56 90 2
57 63 2
57 66 2
57 68 1
57 70 2
57 72 2
57 83 3
57 85 2
58 61 2
58 66 2
58 72 1
58 73 1
58 85 2
58 86 2
58 87 2
59 61 2
59 64 2
59 67 3
59 68 2
59 71 3
59 73 2
60 63 2
60 64 3
60 67 2
60 71 2
60 72 1
60 74 2
60 80 2
60 87 2
60 88 2
60 90 2
61 91 2
61 94 3
62 91 2
62 93 3
63 91 1
63 93 2
64 91 3
64 93 2
64 94 2
66 91 1
67 92 2
67 93 2
68 91 2
68 92 2
68 93 2
69 91 2
69 92 3
70 91 2
70 92 1
71 91 2
72 94 2
73 91 2
73 93 3
74 92 2
75 92 2
76 91 2
76 93 1
76 94 3
77 92 2
78 94 3
79 91 2
79 94 2
81 92 2
82 92 1
83 91 2
83 92 3
83 94 2
84 92 2
84 93 1
85 91 2
85 92 1
85 94 2
86 93 2
86 94 2
87 92 2
88 92 2
89 91 2
90 93 2
