0 36 2 
0 39 2 
0 40 1 
0 46 1 
0 47 2 
1 40 2 
1 48 2 
1 50 1 
2 33 3 
2 34 2 
2 49 3 
3 32 2 
3 39 2 
3 40 1 
3 44 2 
3 45 2 
3 46 2 
4 31 2 
5 46 2 
6 43 2 
6 46 2 
6 49 2 
7 39 2 
7 43 2 
8 32 1 
8 39 2 
8 45 3 
8 49 2 
9 38 2 
9 42 2 
9 43 1 
10 40 1 
10 42 2 
10 43 3 
10 44 2 
10 45 2 
10 47 2 
11 37 1 
11 47 2 
12 32 1 
12 33 1 
13 34 2 
13 44 2 
13 47 2 
13 50 2 
14 32 1 
14 45 2 
14 50 3 
15 33 2 
15 34 2 
15 36 2 
15 48 1 
16 31 2 
16 34 2 
16 36 1 
16 47 2 
17 31 2 
17 34 3 
17 40 3 
17 46 2 
18 41 2 
18 42 2 
18 45 1 
18 48 3 
19 35 1 
19 38 2 
19 46 1 
19 48 2 
20 37 2 
20 47 1 
21 34 2 
21 37 1 
21 39 3 
21 42 1 
21 48 2 
21 49 2 
22 35 2 
22 36 1 
22 41 2 
22 44 1 
22 48 2 
23 41 2 
23 42 2 
24 31 2 
24 36 2 
24 37 2 
24 40 2 
24 44 2 
25 43 2 
25 44 1 
25 50 1 
26 31 1 
26 38 2 
26 46 2 
27 31 2 
27 41 2 
27 48 2 
28 38 2 
28 42 2 
28 44 1 
28 49 2 
29 31 2 
29 34 2 
29 36 3 
29 37 2 
29 45 2 
29 46 2 
29 49 2 
29 50 1 
30 32 2 
30 33 2 
30 41 2 
30 42 2 
30 43 1 
31 52 3 
31 56 3 
31 60 2 
32 53 3 
32 56 1 
32 58 1 
33 55 2 
33 59 1 
33 60 2 
34 51 1 
34 52 2 
34 54 1 
34 57 3 
34 59 2 
35 51 2 
35 54 1 
35 57 2 
36 53 3 
36 56 2 
36 58 3 
37 51 2 
37 54 2 
37 56 2 
38 52 2 
38 54 2 
38 58 2 
39 51 3 
39 56 2 
39 58 2 
40 52 2 
40 57 3 
41 54 2 
41 55 2 
41 58 2 
41 60 2 
42 52 2 
42 58 3 
43 52 2 
43 59 3 
44 52 2 
44 57 1 
44 58 3 
45 53 2 
45 56 2 
46 54 2 
46 59 3 
47 51 3 
47 52 2 
47 55 1 
48 52 2 
48 57 3 
48 59 2 
49 51 2 
49 55 2 
49 59 2 
49 60 1 
50 54 3 
50 55 2 
50 57 3 
50 58 3 
51 61 3 
51 63 2 
51 64 3 
52 61 3 
52 63 2 
53 63 1 
53 64 3 
54 61 2 
54 63 2 
54 64 1 
55 62 1 
55 64 3 
56 61 1 
56 63 2 
56 64 1 
57 61 2 
57 62 1 
57 63 3 
57 64 2 
58 61 1 
58 62 3 
58 64 1 
59 61 2 
59 62 1 
59 63 1 
59 64 1 
60 62 2 
