2 806 2
2 831 2
3 812 2
7 819 2
7 830 2
8 788 2
8 794 2
10 822 2
11 795 2
11 803 2
12 829 2
13 796 2
13 797 2
13 831 2
14 787 2
15 816 2
15 824 2
16 784 2
16 809 2
18 801 2
18 806 2
18 826 2
19 785 2
19 790 2
19 819 2
20 807 2
21 821 2
25 808 2
26 800 2
26 829 2
28 787 2
29 821 2
30 833 2
32 814 2
32 822 2
33 785 2
33 812 2
34 802 2
35 808 2
36 821 2
37 820 2
38 795 2
38 825 2
38 831 2
39 793 2
41 786 2
44 795 2
45 801 2
45 831 2
46 804 2
46 809 2
47 796 2
48 790 2
48 813 2
49 793 2
49 819 2
50 804 2
51 789 2
51 792 2
52 805 2
53 787 2
53 799 2
53 830 2
54 796 1
55 795 2
57 792 2
58 810 2
58 814 2
59 830 2
61 785 2
62 796 2
62 821 2
62 829 2
64 798 2
65 793 2
69 789 2
71 828 2
72 822 2
74 794 2
76 807 2
78 805 2
78 820 2
78 833 2
80 826 2
80 830 2
81 796 2
84 801 2
85 799 2
85 830 2
86 818 2
88 792 2
88 821 2
90 819 2
90 825 2
91 795 2
91 820 2
91 829 2
92 785 2
92 796 2
92 797 2
92 809 2
93 827 2
94 823 2
94 829 2
95 810 2
95 811 2
96 812 2
96 814 2
97 792 1
98 787 2
98 833 2
100 825 2
100 831 2
102 798 2
102 806 2
102 824 2
102 832 2
103 784 2
103 830 2
104 811 2
104 816 2
104 819 2
105 786 2
105 819 2
106 792 2
106 831 2
108 805 2
108 813 2
109 824 2
111 821 2
112 820 2
113 803 2
115 786 2
115 800 2
116 797 2
118 831 2
119 826 2
121 784 2
122 795 2
122 806 2
122 809 2
122 820 2
123 784 2
123 793 2
123 820 2
127 813 2
128 785 2
128 815 2
129 788 2
129 833 2
130 804 2
130 826 2
133 788 2
134 830 2
135 832 2
136 792 2
136 817 2
139 790 2
140 811 2
141 831 2
142 802 2
142 813 2
142 817 2
143 802 2
144 798 2
145 814 2
145 830 2
148 807 2
149 797 2
149 799 2
149 803 2
151 797 2
152 794 2
152 819 2
152 829 2
153 807 2
154 792 2
154 819 2
154 832 2
156 811 2
156 826 2
157 830 2
157 833 2
158 794 2
158 810 2
158 813 2
159 802 2
161 784 2
161 820 2
162 797 2
162 805 2
162 811 2
165 821 2
167 797 2
169 795 2
170 794 2
170 812 2
171 786 2
171 807 2
171 821 2
172 794 2
172 833 2
173 784 2
173 799 2
173 821 2
174 802 2
174 819 2
174 821 2
174 831 2
175 786 2
176 784 2
176 790 2
177 793 2
178 794 2
178 799 2
178 809 2
178 829 2
179 784 2
179 796 2
180 817 2
181 806 2
183 784 2
183 832 2
187 790 2
187 795 2
187 797 2
187 816 2
188 809 2
189 812 2
189 814 2
190 796 2
190 799 2
191 807 2
191 809 2
191 814 2
192 797 2
192 803 2
192 824 2
193 822 2
193 824 2
194 804 2
195 786 2
195 823 2
196 787 2
196 811 2
196 827 2
198 825 2
200 792 2
200 819 2
200 832 2
202 785 2
202 792 2
204 800 2
204 829 2
205 791 2
207 804 2
207 819 2
208 784 2
208 815 2
208 828 2
209 797 2
209 821 2
209 823 2
210 802 2
211 795 2
211 805 2
211 823 2
212 794 2
212 801 2
212 805 2
212 818 2
213 805 2
214 785 2
214 789 2
215 793 2
217 788 2
217 821 2
218 784 2
219 784 2
219 811 2
219 813 2
220 815 2
221 818 2
221 822 2
222 792 2
222 830 2
223 790 2
224 807 2
224 813 2
225 792 2
225 793 2
225 809 2
227 795 2
229 790 2
229 808 2
230 833 2
231 803 2
231 825 2
232 800 2
232 802 2
233 785 2
235 829 2
237 833 2
238 801 2
239 792 2
239 797 2
240 805 2
241 790 2
241 820 2
241 833 2
243 793 2
243 808 2
243 824 2
243 829 2
244 797 2
244 821 2
245 792 2
245 824 2
246 794 2
246 801 2
247 797 2
247 811 2
247 820 2
247 821 2
247 825 2
248 802 2
248 833 2
249 789 2
250 784 2
250 790 2
250 803 2
250 818 2
250 819 2
252 829 2
253 804 2
254 794 2
254 830 2
255 784 2
255 794 2
255 825 2
256 808 2
256 809 2
256 810 2
257 785 2
257 808 2
257 828 2
259 802 2
259 831 2
260 786 2
260 792 2
260 820 2
261 806 2
261 817 2
261 829 2
262 803 2
262 815 2
263 803 2
263 804 2
264 791 2
264 833 2
265 815 2
265 817 2
265 833 2
266 794 2
266 827 2
267 784 2
267 787 2
267 800 2
267 821 2
267 825 2
267 833 2
268 809 2
268 828 2
269 794 2
269 805 2
269 819 2
270 818 2
270 821 2
270 825 2
271 784 2
271 785 2
271 794 2
271 808 2
271 833 2
272 831 2
273 805 2
274 792 2
274 795 2
274 824 2
274 826 2
275 795 2
276 800 2
277 818 2
278 815 2
279 797 2
280 811 2
281 798 2
281 820 2
282 785 2
282 797 2
282 821 2
283 814 2
284 793 2
284 807 2
284 832 2
285 785 2
286 818 2
288 795 2
288 810 2
288 814 2
288 817 1
289 803 2
290 833 2
291 821 2
292 809 2
292 830 2
293 785 2
294 786 2
294 788 2
294 819 2
294 821 2
294 822 2
294 833 2
295 816 2
295 822 2
297 792 2
299 796 2
299 821 2
300 790 2
301 794 2
301 823 2
301 830 2
302 796 2
303 808 2
303 819 2
304 797 2
304 831 2
305 819 2
306 805 2
306 808 2
308 800 2
311 800 2
311 818 2
311 822 2
311 829 2
312 816 2
313 794 2
314 797 2
314 803 2
315 801 2
315 817 2
316 798 2
316 826 2
317 799 2
317 823 2
317 830 2
318 791 2
318 811 2
318 819 2
319 786 2
319 804 2
319 827 2
320 792 2
320 821 2
320 823 2
322 794 2
322 803 2
322 821 2
323 814 2
323 818 2
323 828 2
324 784 2
324 799 2
325 814 2
326 797 2
326 800 2
327 804 2
328 824 2
328 833 2
329 829 2
330 791 2
330 798 2
330 830 2
331 818 2
332 819 2
333 807 2
334 806 2
334 823 2
336 793 2
337 795 2
338 798 2
339 788 2
340 794 2
341 808 2
342 830 2
343 802 2
343 826 2
344 801 2
344 808 2
344 812 2
345 796 2
346 817 2
346 822 2
348 792 2
348 811 2
348 816 2
348 832 2
349 803 2
349 815 2
349 822 2
350 790 2
350 807 2
351 785 2
353 818 2
353 820 2
354 821 2
354 823 2
355 794 2
355 824 2
357 788 2
357 796 2
358 793 2
358 822 2
359 818 1
360 822 2
360 827 2
362 831 2
363 792 2
363 817 2
363 829 2
364 787 2
364 789 2
364 806 2
364 832 2
365 828 2
366 790 2
366 798 2
366 821 2
367 806 2
369 812 2
369 823 2
372 831 2
373 822 2
374 792 2
374 829 2
375 807 2
376 829 2
377 788 2
378 811 2
379 798 2
381 833 2
382 816 2
383 789 2
384 789 2
384 804 2
384 819 2
386 788 2
386 814 2
387 789 2
387 810 2
387 827 2
388 820 2
388 827 2
389 827 2
391 831 2
393 828 2
394 817 2
395 823 2
397 787 2
399 811 2
399 812 2
399 818 2
400 788 2
402 807 2
403 789 2
404 787 2
404 801 2
404 805 2
404 815 2
405 807 2
405 823 2
406 799 2
406 806 2
407 811 2
407 825 2
408 801 2
409 802 2
409 805 2
409 811 2
410 796 2
411 804 2
412 805 2
412 816 2
412 817 2
412 828 2
413 788 2
413 819 2
414 790 2
416 810 2
417 830 2
418 784 2
420 804 2
421 805 2
421 809 2
422 797 2
423 788 2
423 803 2
423 829 2
424 810 2
425 792 2
425 820 2
426 800 2
426 807 2
427 829 2
428 796 2
430 808 2
430 825 2
432 787 2
432 816 2
432 824 2
433 787 2
433 815 2
434 785 2
434 809 2
435 811 2
436 788 2
441 800 2
441 821 2
442 789 2
442 815 2
444 813 2
444 825 2
445 787 2
445 802 2
447 785 2
449 797 2
449 820 2
450 831 2
452 787 2
453 810 2
454 788 2
454 799 2
455 804 2
455 818 2
456 789 2
456 798 2
457 815 2
458 787 2
458 800 2
458 801 1
458 803 2
459 806 2
459 832 2
460 814 2
460 819 2
460 827 2
461 787 2
462 787 2
462 828 2
463 787 2
463 788 2
463 808 2
464 788 2
464 823 2
465 791 2
466 790 2
466 830 2
467 787 2
467 825 2
467 829 2
470 786 2
470 816 2
470 833 2
471 814 2
472 785 2
472 822 2
473 830 2
474 805 2
474 812 2
474 823 2
476 812 2
476 826 2
477 819 2
478 799 2
479 827 2
480 790 2
484 798 2
484 816 2
484 818 2
485 792 2
485 804 2
485 827 2
486 804 2
486 827 2
487 787 2
487 799 2
487 827 2
488 824 2
489 797 2
490 806 2
491 808 2
492 787 2
492 811 2
492 823 2
493 811 2
493 825 2
493 830 2
495 801 2
495 811 2
495 815 2
495 818 2
496 786 2
496 793 2
496 828 2
497 789 2
498 795 2
498 805 2
498 816 2
498 825 2
499 826 2
500 810 2
501 807 2
502 818 2
503 802 2
503 814 2
503 817 2
504 808 2
505 795 2
506 806 2
506 821 2
507 802 2
507 825 2
508 796 2
508 811 2
508 827 2
511 789 2
511 803 2
511 831 2
512 809 2
514 793 2
514 800 2
515 787 2
515 788 2
515 793 2
515 801 2
515 828 2
516 795 2
516 816 2
518 795 2
519 786 2
519 819 2
520 788 2
521 814 2
523 825 2
524 810 2
525 809 2
526 813 2
526 825 2
528 832 2
529 808 2
531 796 2
532 789 2
534 812 2
534 813 2
534 816 2
536 801 2
539 793 2
539 813 2
539 830 2
540 789 2
541 788 2
541 820 2
542 792 2
542 818 2
543 795 2
543 805 2
544 791 2
544 793 2
544 794 2
544 817 2
544 819 2
544 824 2
545 791 2
545 793 2
545 794 2
545 832 2
546 784 2
546 802 2
547 821 2
547 830 2
548 792 2
548 814 2
549 826 2
550 815 2
551 807 2
552 811 2
553 812 2
553 819 2
553 822 2
554 786 2
554 794 2
554 798 2
554 811 2
555 802 2
555 806 2
556 785 2
556 828 2
558 807 2
559 801 2
560 800 2
561 788 2
561 815 2
561 825 2
563 787 2
563 831 2
564 811 2
567 787 2
567 790 2
567 825 2
567 830 2
568 796 2
570 797 2
570 805 2
570 813 2
571 806 2
571 813 2
571 826 2
572 813 2
573 791 2
574 804 2
574 826 2
576 803 2
576 811 2
578 786 2
578 808 2
578 809 2
578 824 2
581 787 2
581 806 2
581 812 2
582 795 2
582 800 2
582 815 2
583 799 2
584 816 2
586 789 2
586 824 2
587 810 2
589 793 2
590 796 2
590 802 2
592 793 2
592 799 2
592 818 2
592 828 2
593 796 2
594 815 2
595 816 2
595 821 2
595 823 2
596 832 2
597 810 2
598 813 2
599 813 2
599 816 2
599 820 2
601 813 2
602 801 2
602 814 2
603 811 2
603 828 2
604 786 2
604 789 2
604 795 2
605 824 2
606 796 2
607 792 2
607 793 2
607 822 2
608 808 2
609 790 2
609 804 2
610 796 2
610 815 2
611 828 2
612 792 2
612 815 2
612 822 2
614 804 2
615 818 2
616 790 2
616 796 2
616 805 2
617 815 2
618 803 2
620 801 2
621 785 2
621 810 2
621 818 2
621 823 2
623 817 2
625 816 2
625 823 2
627 788 2
627 796 2
628 791 2
628 815 2
629 817 2
629 824 2
630 832 2
631 826 2
632 794 2
633 795 2
633 833 2
634 789 2
634 798 2
634 824 2
636 820 2
637 825 2
638 806 2
639 820 2
639 827 2
639 829 2
640 808 2
641 803 2
641 826 2
642 825 2
643 809 2
645 809 2
645 824 2
646 811 2
646 814 2
647 790 2
648 795 2
650 809 2
650 833 2
653 793 2
653 826 2
655 805 2
657 811 2
659 805 2
660 808 2
660 816 2
660 822 2
663 791 2
663 797 2
663 828 2
664 831 2
665 819 2
666 785 2
667 790 2
667 791 2
667 796 2
667 816 2
669 784 2
669 802 2
670 789 2
670 815 2
672 815 2
673 799 2
675 816 2
676 794 2
676 795 2
676 811 2
677 826 2
678 815 2
679 830 2
680 808 2
680 820 2
681 785 2
681 786 2
681 830 2
682 787 2
682 822 2
683 797 2
683 817 2
684 805 2
685 791 2
685 819 2
686 831 2
687 808 2
687 830 2
689 808 2
689 810 2
690 786 2
690 818 2
690 830 2
691 811 2
691 820 2
692 788 2
692 829 2
692 832 2
693 797 2
693 818 2
694 793 2
694 801 2
695 794 2
695 800 2
697 785 2
697 813 2
699 788 2
700 798 2
702 792 2
702 804 2
702 814 2
705 792 2
705 810 2
705 823 2
707 792 2
707 823 2
708 786 2
708 797 2
708 805 2
709 800 2
711 818 2
712 801 2
712 803 2
712 805 2
714 795 2
714 824 2
716 794 2
717 818 2
718 807 2
718 811 2
718 818 2
718 824 2
720 786 2
721 805 2
721 827 2
723 795 2
723 801 2
723 803 2
724 822 2
725 806 2
728 788 2
728 796 2
728 802 2
728 809 2
728 821 2
729 788 2
729 793 2
730 795 2
730 819 2
730 821 2
731 824 2
732 797 2
733 833 2
735 784 2
736 813 2
737 829 2
738 808 2
738 815 2
738 819 2
739 796 2
739 812 2
740 795 2
740 803 2
740 819 2
741 790 2
741 802 2
742 794 2
742 800 2
742 807 2
743 787 2
743 808 2
743 824 2
743 825 2
744 789 2
745 787 2
745 833 2
749 806 2
749 828 2
750 785 2
750 829 2
751 809 2
751 815 2
753 788 2
753 804 2
754 785 2
754 812 2
754 817 2
755 788 2
757 821 2
757 832 2
759 797 2
760 793 2
760 812 2
761 828 2
762 811 2
762 814 2
763 785 2
763 823 2
763 827 2
764 787 2
764 788 2
764 803 2
764 831 2
766 808 2
766 826 2
766 830 2
767 816 2
768 787 2
768 812 2
769 810 2
769 819 2
772 809 2
773 832 2
775 832 2
777 802 2
777 829 2
779 800 2
779 813 2
780 795 2
780 802 2
782 794 2
782 816 2
785 851 2
785 853 2
785 854 2
785 862 2
785 863 1
785 873 1
785 874 2
786 843 2
786 856 2
786 859 2
786 881 3
787 837 2
787 846 2
787 849 2
787 854 2
787 859 2
787 861 2
787 862 2
787 869 2
787 871 2
787 877 2
787 880 2
787 881 2
787 882 2
788 847 2
788 852 2
788 865 2
788 881 2
791 835 2
791 837 2
791 847 2
791 869 2
791 872 2
791 878 2
791 880 1
791 882 2
792 838 2
792 841 2
792 844 2
792 851 2
792 854 2
792 858 2
792 866 2
792 882 3
793 837 2
793 851 2
793 857 2
793 869 2
793 871 2
793 880 2
793 881 2
794 842 2
794 853 2
794 854 1
794 855 2
794 871 2
794 872 2
794 883 1
795 835 2
795 845 2
795 849 2
795 851 2
795 853 2
795 858 2
795 859 2
796 836 2
796 847 2
796 861 2
796 868 2
796 878 2
796 883 2
797 841 2
797 846 2
797 847 2
797 853 2
797 857 2
797 881 2
798 837 2
798 854 2
798 860 2
798 873 2
798 881 2
799 853 2
799 854 2
799 858 2
799 866 2
799 874 2
800 834 2
800 849 2
800 859 2
801 837 2
802 834 2
802 835 2
802 851 2
802 857 2
802 876 2
803 840 2
803 842 2
803 845 2
803 861 2
803 869 2
804 851 2
804 857 2
804 872 2
805 847 2
805 852 2
805 855 2
805 858 2
805 862 2
805 869 2
805 871 3
806 861 2
806 875 2
806 880 2
807 842 2
807 873 2
808 837 2
808 843 2
808 849 2
808 854 2
808 862 2
808 874 2
808 880 2
809 858 2
810 842 2
810 850 2
810 873 2
810 879 2
811 837 3
811 847 2
811 851 2
811 859 2
811 863 2
811 871 2
811 872 2
811 878 2
812 837 2
812 847 2
812 863 2
812 866 2
812 882 2
812 883 2
813 835 1
813 837 2
813 855 2
813 857 2
813 858 2
813 862 2
813 871 2
813 874 2
813 875 2
814 851 2
814 859 2
814 863 2
814 883 2
815 835 2
815 855 2
815 858 2
815 859 2
815 860 2
815 875 2
816 836 2
816 842 2
816 864 2
816 873 2
816 875 2
817 835 2
817 837 2
818 851 2
818 852 2
818 853 2
818 858 2
818 863 2
818 873 2
818 881 2
819 853 2
819 858 2
819 881 2
820 857 2
820 864 2
820 871 2
821 834 2
821 851 2
821 852 2
821 853 2
821 859 2
821 862 1
821 870 2
821 875 2
821 881 2
822 836 2
822 838 2
822 842 2
822 845 2
822 852 2
822 862 2
822 880 2
822 881 2
823 836 2
823 843 2
823 851 2
823 853 2
823 855 2
823 863 2
823 875 2
824 861 2
825 835 2
825 836 3
825 873 2
825 882 2
826 835 2
826 842 2
826 862 2
827 842 2
827 849 2
827 853 2
828 845 2
828 866 2
828 882 2
829 835 2
829 842 2
829 851 2
829 854 2
829 862 2
829 865 2
829 873 2
829 881 2
830 843 2
830 845 2
830 854 2
830 858 2
830 859 2
830 882 2
831 842 2
831 872 2
832 835 2
832 840 2
832 842 2
832 862 2
832 863 2
832 867 2
832 874 2
832 876 2
832 878 2
833 843 1
833 847 2
833 853 2
833 854 2
833 862 2
833 867 2
833 869 2
833 879 2
833 882 2
833 883 2
834 887 2
834 890 2
834 898 2
835 884 2
835 885 2
835 887 2
835 888 2
835 891 2
835 892 1
835 893 2
835 895 2
835 901 2
836 885 2
836 887 2
836 888 2
836 893 3
836 897 2
836 899 3
837 885 3
837 887 2
837 888 2
837 890 2
837 893 3
837 897 2
838 889 2
838 893 2
840 886 2
840 891 2
840 892 2
841 885 2
841 891 2
842 886 2
842 887 2
842 888 1
842 889 2
842 892 2
842 901 2
842 902 2
843 889 2
843 891 2
843 892 2
843 901 2
845 888 2
845 889 2
845 891 2
846 899 2
847 888 2
847 889 2
847 890 2
847 897 2
847 899 2
847 901 1
849 888 2
849 895 2
849 897 2
849 899 2
851 885 2
851 890 2
851 895 2
851 897 2
851 898 1
852 886 2
852 889 2
852 901 3
853 889 1
853 891 1
853 898 1
853 899 2
853 900 2
854 884 2
854 888 2
854 889 2
854 891 3
854 894 2
854 897 2
854 898 2
854 899 2
855 888 2
855 889 2
856 892 2
857 885 1
857 891 2
857 897 2
857 898 2
857 901 2
858 887 2
858 889 2
858 891 3
858 893 2
858 901 2
859 887 2
859 888 2
859 892 2
859 898 2
859 899 2
860 888 2
860 902 2
861 888 2
861 889 2
861 893 2
862 884 3
862 885 2
862 889 3
862 891 2
862 893 2
862 899 2
863 885 2
863 887 2
863 890 2
863 891 2
863 901 2
864 888 2
864 889 2
864 890 2
864 893 2
865 891 2
865 898 2
866 889 2
866 892 2
866 898 2
866 901 2
867 885 2
867 887 2
867 888 2
867 889 2
867 897 2
867 898 2
868 901 2
869 887 2
869 891 2
871 885 2
871 887 2
871 888 3
871 891 2
871 897 2
871 898 2
871 899 2
871 901 2
872 890 2
872 892 2
872 897 2
872 898 3
873 885 3
873 886 1
873 888 2
873 891 2
873 894 2
873 897 2
874 884 2
874 897 2
874 899 2
875 888 2
875 889 1
875 893 2
875 898 2
876 898 2
876 901 2
877 885 2
877 898 2
878 884 2
878 887 2
878 899 2
879 884 2
879 885 2
879 888 2
879 889 2
879 901 2
880 884 2
880 885 2
880 887 2
880 889 2
880 891 2
880 893 2
881 886 1
881 888 2
881 889 3
881 892 2
881 895 2
881 900 2
881 901 2
882 885 1
882 886 2
882 887 2
882 891 2
882 892 2
882 899 2
882 901 3
883 884 2
883 886 2
883 888 2
883 889 1
883 892 2
884 904 2
884 906 2
884 908 1
884 910 3
884 911 1
884 912 2
885 904 1
885 905 1
885 906 2
885 907 2
885 908 3
885 912 2
885 913 3
886 906 2
886 911 3
886 912 1
887 904 1
887 905 3
887 906 2
887 913 1
888 904 1
888 905 2
888 906 1
888 907 2
888 908 2
888 909 2
888 910 1
888 913 3
889 906 1
889 907 1
889 909 3
889 910 2
889 912 2
889 913 1
890 904 1
890 905 2
890 908 3
890 910 2
890 911 2
891 904 1
891 907 3
891 908 1
891 909 2
891 910 1
891 912 3
892 904 2
892 906 3
892 911 3
892 913 1
893 906 2
893 907 2
893 908 2
893 910 1
893 911 3
893 913 2
895 908 2
896 906 2
897 906 2
897 907 3
897 909 2
897 911 1
897 912 1
897 913 2
898 904 2
898 905 2
898 907 2
898 910 2
898 911 3
898 912 1
898 913 1
899 904 3
899 905 1
899 906 2
899 910 2
901 904 3
901 906 2
901 908 1
901 909 2
901 910 1
901 911 3
