0 32 1
0 35 1
0 36 1
0 38 1
0 40 1
0 41 1
1 31 1
1 32 1
1 35 1
1 41 1
1 46 1
1 47 1
1 50 1
2 41 1
2 42 1
2 43 1
2 44 1
2 45 1
2 50 1
3 32 1
3 34 1
3 36 1
3 38 1
3 41 1
3 45 1
3 47 1
3 50 1
4 36 1
4 40 1
4 41 1
4 43 1
4 45 1
4 49 1
5 31 1
5 32 1
5 33 1
5 35 1
5 36 1
5 37 1
5 39 1
5 41 1
5 42 1
5 43 1
5 48 1
6 33 1
6 35 1
6 40 1
6 41 1
6 43 1
6 49 1
6 50 1
7 32 1
7 38 1
7 42 1
7 45 1
7 48 1
8 31 1
8 32 1
8 33 1
8 46 1
8 49 1
9 32 1
9 33 1
9 38 1
10 32 1
10 34 1
10 37 1
11 31 1
11 33 1
11 39 1
11 41 1
12 36 1
12 43 1
12 46 1
12 48 1
13 32 1
13 37 1
13 39 1
13 43 1
13 45 1
13 48 1
13 49 1
14 32 1
14 33 1
14 43 1
14 44 1
14 46 1
14 48 1
14 49 1
14 50 1
15 45 1
15 47 1
15 49 1
16 35 1
16 47 1
17 31 1
17 37 1
18 46 1
18 48 1
19 35 1
19 36 1
19 42 1
19 43 1
20 31 1
20 37 1
20 41 1
20 50 1
21 36 1
22 36 1
22 50 1
23 32 1
23 35 1
23 43 1
23 46 1
24 31 1
24 48 1
24 50 1
25 31 1
25 32 1
25 33 1
26 31 1
26 36 1
27 37 1
27 39 1
27 43 1
28 32 1
28 43 1
28 48 1
29 31 1
29 32 1
29 34 1
29 35 1
29 38 1
29 39 1
29 40 1
29 42 1
29 45 1
29 47 1
30 31 1
30 34 1
30 35 1
30 41 1
30 42 1
30 50 1
31 52 1
31 56 1
31 58 1
31 60 1
32 52 1
32 56 1
32 57 1
32 60 1
33 52 1
33 55 1
33 58 1
34 57 1
34 60 1
35 58 1
35 60 1
36 52 1
36 54 1
36 55 1
36 56 1
36 60 1
37 52 1
37 58 1
38 52 1
38 60 1
39 52 1
39 57 1
39 58 1
41 56 1
41 57 1
41 58 1
41 59 1
42 58 1
42 60 1
43 52 1
43 55 1
43 57 1
43 58 1
43 59 1
43 60 1
44 60 1
45 52 1
45 58 1
45 60 1
46 57 1
46 60 1
47 51 1
47 52 1
47 53 1
47 55 1
47 57 1
47 58 1
47 60 1
48 57 1
48 58 1
48 59 1
48 60 1
49 53 1
49 56 1
49 58 1
50 56 1
50 58 1
50 60 1
52 61 1
52 63 1
52 64 1
55 62 1
55 63 1
56 61 1
56 62 1
56 63 1
57 61 1
57 63 1
57 64 1
58 62 1
58 63 1
58 64 1
59 63 1
59 64 1
60 61 1
60 63 1
60 64 1
