0 31 2
0 32 2
0 33 2
0 34 2
0 42 2
0 46 2
1 31 3
1 32 1
1 34 2
1 42 1
1 45 2
1 48 2
1 49 2
2 31 2
2 36 2
2 38 2
2 39 2
2 42 2
2 49 1
3 32 2
3 37 2
3 38 2
3 42 2
3 45 1
3 49 3
4 38 2
4 40 2
4 43 3
4 45 3
4 47 2
4 48 2
5 31 1
5 32 2
5 34 2
5 36 2
5 42 2
5 45 1
5 46 2
5 47 2
5 49 1
6 31 2
6 32 2
6 35 2
6 36 2
6 44 2
7 31 2
7 32 2
7 33 2
7 36 2
7 37 2
7 38 2
7 42 2
7 43 2
7 45 1
7 46 2
8 36 2
8 42 2
8 43 2
8 44 2
8 45 2
8 48 2
9 34 2
9 38 2
9 39 2
9 44 2
9 48 2
10 31 2
10 33 2
10 38 2
10 39 2
10 42 2
10 46 2
10 48 2
10 49 2
11 36 2
11 43 2
11 45 2
11 47 2
11 49 2
12 32 2
12 38 2
12 40 2
12 44 2
12 45 2
12 49 2
13 32 2
13 36 2
13 46 2
14 32 2
14 33 2
15 42 2
16 32 2
16 36 2
16 42 2
16 45 2
17 31 2
17 32 2
17 34 2
17 37 2
17 42 2
18 42 2
18 45 2
19 34 2
19 38 2
19 39 2
19 42 2
19 43 2
19 48 2
20 31 2
20 35 2
20 41 2
20 48 2
20 49 2
21 38 2
21 39 2
21 46 2
21 49 2
22 31 2
22 48 2
23 31 2
23 43 2
23 45 2
23 49 2
24 31 2
24 43 2
24 45 2
24 49 2
24 50 2
25 31 2
25 32 2
25 35 2
25 39 2
25 45 1
25 49 2
26 31 2
26 34 2
26 43 2
26 45 2
26 49 2
26 50 2
27 45 2
28 34 2
28 35 2
28 36 2
28 43 2
28 46 2
29 35 2
29 36 2
29 49 2
30 34 2
30 37 2
30 40 2
30 42 2
30 46 2
31 53 3
31 54 2
31 56 3
31 57 3
31 60 2
32 53 2
32 54 3
32 56 2
32 57 3
32 58 2
33 51 2
33 52 2
34 54 2
35 56 2
36 54 2
36 56 2
36 57 2
36 58 2
36 60 2
37 57 2
38 56 3
38 59 2
39 54 3
39 56 2
39 57 2
39 60 2
40 53 3
40 57 2
41 54 2
41 56 2
42 53 2
42 54 3
42 56 1
42 57 2
43 53 2
43 55 2
43 56 2
43 57 2
44 54 2
44 57 2
45 53 3
45 56 1
45 57 3
46 54 2
46 55 2
46 56 2
46 60 2
47 52 2
47 56 2
48 52 2
48 54 3
48 56 2
49 52 2
49 53 2
49 54 2
49 56 3
49 57 3
50 54 2
51 62 2
51 63 2
53 61 2
53 62 2
53 63 1
53 64 3
54 61 1
54 62 3
54 63 3
54 64 1
55 62 2
56 61 3
56 62 2
56 63 1
56 64 1
57 62 3
57 63 1
57 64 3
58 62 2
60 62 2
60 63 2
