0 32 3.0 
0 41 1.0 
0 47 2.0 
1 33 2.0 
1 37 1.0 
1 39 2.0 
1 44 3.0 
2 34 1.0 
2 36 1.0 
2 38 2.0 
2 39 2.0 
2 49 1.0 
3 33 3.0 
3 34 1.0 
3 45 1.0 
3 47 1.0 
4 32 2.0 
4 41 1.0 
4 42 2.0 
4 49 2.0 
5 34 2.0 
5 35 2.0 
5 42 2.0 
5 43 1.0 
5 48 2.0 
6 40 1.0 
6 49 1.0 
7 31 3.0 
7 32 3.0 
7 39 2.0 
7 46 3.0 
8 39 3.0 
8 50 3.0 
9 31 2.0 
9 33 3.0 
9 35 1.0 
9 38 2.0 
9 39 2.0 
9 43 1.0 
9 47 2.0 
9 48 3.0 
10 31 3.0 
10 35 1.0 
10 38 1.0 
10 40 3.0 
10 47 2.0 
11 34 2.0 
11 39 2.0 
11 46 2.0 
12 32 2.0 
12 34 2.0 
12 35 1.0 
12 39 1.0 
12 42 1.0 
12 43 2.0 
12 45 2.0 
13 36 1.0 
13 42 1.0 
13 44 3.0 
13 47 2.0 
14 32 1.0 
14 41 1.0 
15 37 2.0 
15 40 2.0 
15 50 1.0 
16 37 1.0 
16 46 2.0 
16 49 3.0 
17 35 3.0 
17 37 2.0 
17 38 3.0 
17 39 3.0 
17 45 2.0 
18 33 1.0 
18 42 1.0 
18 43 3.0 
19 34 3.0 
19 48 3.0 
20 31 1.0 
20 34 2.0 
20 39 2.0 
20 45 3.0 
20 47 1.0 
20 50 3.0 
21 31 1.0 
21 36 2.0 
21 40 2.0 
21 44 3.0 
22 36 3.0 
22 41 1.0 
22 43 2.0 
22 48 2.0 
23 33 3.0 
23 40 2.0 
23 41 2.0 
23 48 1.0 
23 49 2.0 
23 50 1.0 
24 35 2.0 
24 36 3.0 
24 40 3.0 
24 42 1.0 
24 46 1.0 
25 33 2.0 
25 34 2.0 
25 35 3.0 
25 39 1.0 
25 50 2.0 
26 36 2.0 
26 38 2.0 
26 45 2.0 
26 49 1.0 
27 31 1.0 
27 46 2.0 
27 48 1.0 
28 32 3.0 
28 46 1.0 
29 37 2.0 
29 38 3.0 
29 40 2.0 
29 45 2.0 
29 47 3.0 
30 33 1.0 
30 40 3.0 
30 41 1.0 
30 42 2.0 
30 45 1.0 
30 48 2.0 
31 51 3.0 
31 54 3.0 
31 57 1.0 
31 58 3.0 
31 60 1.0 
32 54 1.0 
32 58 3.0 
33 52 1.0 
33 54 1.0 
33 56 3.0 
33 57 2.0 
34 52 3.0 
34 58 2.0 
34 60 2.0 
35 54 1.0 
35 55 3.0 
35 57 1.0 
36 51 3.0 
36 55 1.0 
36 56 1.0 
36 58 1.0 
37 54 2.0 
37 55 3.0 
37 58 1.0 
38 52 3.0 
38 54 1.0 
38 57 1.0 
39 51 3.0 
39 53 2.0 
39 56 2.0 
39 58 1.0 
40 51 2.0 
40 52 2.0 
40 59 3.0 
41 54 3.0 
41 55 3.0 
41 60 3.0 
42 53 1.0 
42 60 1.0 
43 59 3.0 
43 60 3.0 
44 57 1.0 
44 59 3.0 
45 51 2.0 
45 52 2.0 
45 53 3.0 
46 51 2.0 
46 55 1.0 
46 57 1.0 
46 60 2.0 
47 59 3.0 
48 56 3.0 
49 51 3.0 
49 56 1.0 
49 59 2.0 
50 51 3.0 
50 52 3.0 
50 54 2.0 
50 55 2.0 
50 56 2.0 
50 57 2.0 
51 63 3.0 
52 61 1.0 
52 62 1.0 
52 63 3.0 
53 61 3.0 
53 63 3.0 
54 63 2.0 
54 64 1.0 
55 64 1.0 
56 61 1.0 
56 62 3.0 
56 64 2.0 
57 61 3.0 
58 61 2.0 
58 64 3.0 
59 62 2.0 
59 63 2.0 
60 61 2.0 
60 62 1.0 
60 63 1.0 
