0 32 2 
0 48 2 
1 32 2 
1 46 2 
2 33 2 
2 44 2 
2 45 2 
3 32 2 
3 33 2 
3 38 3 
3 44 2 
4 31 2 
4 43 2 
4 47 3 
5 36 3 
5 46 2 
6 32 2 
6 33 2 
6 34 2 
6 37 2 
6 44 2 
7 31 2 
7 41 2 
7 47 2 
8 45 2 
8 50 2 
9 31 2 
9 35 2 
9 43 2 
10 31 2 
10 38 2 
11 34 2 
11 35 2 
11 44 2 
11 50 2 
12 45 2 
12 48 2 
12 49 2 
13 34 1 
13 42 2 
13 43 2 
13 44 2 
13 47 2 
13 49 2 
14 38 2 
14 40 2 
14 46 2 
15 32 2 
15 46 2 
16 31 2 
16 35 2 
16 45 2 
17 34 2 
17 35 1 
17 42 2 
17 45 2 
17 47 2 
18 35 2 
18 40 2 
18 42 2 
19 31 2 
19 33 2 
19 36 2 
19 41 2 
20 39 2 
20 40 2 
21 39 2 
21 42 2 
21 44 2 
21 46 2 
21 49 2 
22 39 2 
22 40 2 
22 42 2 
22 43 2 
22 49 2 
23 43 2 
24 32 2 
24 38 2 
24 40 2 
24 48 2 
25 36 2 
25 37 1 
25 39 2 
26 37 2 
26 39 2 
26 42 2 
26 48 2 
26 50 2 
27 33 2 
27 36 2 
27 42 2 
28 38 2 
28 41 2 
28 45 2 
29 39 2 
29 41 2 
29 46 2 
29 50 2 
30 33 2 
30 38 2 
30 48 2 
31 52 2 
31 56 2 
31 57 2 
33 55 2 
33 60 1 
34 51 2 
34 52 2 
34 53 2 
34 57 2 
34 60 2 
35 52 2 
35 54 2 
35 55 2 
35 60 2 
36 53 2 
36 57 1 
36 59 2 
37 53 2 
37 54 2 
37 55 2 
38 51 1 
38 56 1 
39 56 2 
39 59 2 
40 51 2 
40 52 2 
40 53 2 
40 60 2 
41 52 2 
41 54 2 
41 55 2 
42 53 2 
42 56 2 
42 57 2 
42 59 1 
43 52 2 
43 54 1 
44 55 3 
44 56 2 
44 59 2 
45 51 3 
45 54 2 
45 56 2 
45 59 2 
46 58 2 
47 52 2 
47 57 2 
47 59 2 
48 60 2 
49 58 3 
49 59 2 
49 60 2 
50 53 2 
50 56 2 
50 58 2 
50 60 2 
51 62 2 
51 63 1 
51 64 2 
52 62 3 
53 62 2 
53 64 2 
55 61 2 
56 63 1 
57 64 2 
58 62 2 
59 61 2 
59 64 2 
60 61 3 
60 63 2 
60 64 2 
