784 834 2
784 835 2
784 837 2
784 839 2
784 840 2
784 847 2
784 848 2
784 850 2
784 851 2
784 852 2
784 858 2
784 862 2
784 864 2
784 866 2
784 868 2
784 876 2
784 877 2
784 878 2
784 882 2
785 835 2
785 838 2
785 839 2
785 847 2
785 848 2
785 852 2
785 853 2
785 854 2
785 870 2
785 872 2
785 873 2
785 878 2
785 883 2
786 839 2
786 841 2
786 847 2
786 849 2
786 853 2
786 857 2
786 863 2
786 865 2
786 866 2
786 869 2
786 881 2
786 882 2
787 836 2
787 838 2
787 841 2
787 844 2
787 845 2
787 856 2
787 859 2
787 861 2
787 864 2
787 865 2
787 869 2
787 870 2
787 871 2
787 874 2
787 876 2
788 835 2
788 838 2
788 840 2
788 841 2
788 848 2
788 856 2
788 859 2
788 860 2
788 865 2
788 867 2
788 869 2
788 872 2
788 876 2
788 882 2
789 838 2
789 840 2
789 842 2
789 843 2
789 845 2
789 849 2
789 850 2
789 853 2
789 854 2
789 858 2
789 859 2
789 861 2
789 864 2
789 865 2
789 866 2
789 875 2
789 877 2
790 835 2
790 840 2
790 841 2
790 842 2
790 843 2
790 844 2
790 849 2
790 851 2
790 853 2
790 854 2
790 855 2
790 863 2
790 864 2
790 866 2
790 867 2
790 868 2
790 870 2
790 874 2
791 836 2
791 842 2
791 848 2
791 849 2
791 855 2
791 857 2
791 860 2
791 863 2
791 865 2
791 867 2
791 870 2
791 872 2
791 873 2
791 876 2
791 880 2
791 881 2
791 882 2
791 883 2
792 834 2
792 839 2
792 845 2
792 847 2
792 850 2
792 852 2
792 853 2
792 857 2
792 858 2
792 867 2
792 873 2
792 883 2
793 839 2
793 843 2
793 865 2
793 867 2
793 870 2
793 872 2
793 875 2
793 877 2
793 878 2
794 836 2
794 837 2
794 839 2
794 845 2
794 846 2
794 852 2
794 855 2
794 859 2
794 861 2
794 867 2
794 869 2
794 876 2
794 877 2
794 878 2
794 879 2
795 834 2
795 840 2
795 841 2
795 847 2
795 851 2
795 852 2
795 853 2
795 855 2
795 858 2
795 860 2
795 861 2
795 862 2
795 868 2
795 869 2
795 871 2
795 883 2
796 834 2
796 835 2
796 836 2
796 838 2
796 847 2
796 853 2
796 854 2
796 860 2
796 865 2
796 872 2
796 873 2
796 874 2
796 878 2
796 879 2
796 882 2
796 883 2
797 846 2
797 847 2
797 855 2
797 861 2
797 864 2
797 867 2
797 871 2
797 872 2
797 874 2
797 881 2
797 883 2
798 836 2
798 841 2
798 845 2
798 846 2
798 849 2
798 853 2
798 855 2
798 858 2
798 860 2
798 861 2
798 863 2
798 864 2
798 870 2
798 871 2
798 872 2
798 874 2
798 875 2
798 879 2
798 881 2
798 882 2
798 883 2
799 837 2
799 838 2
799 844 2
799 848 2
799 851 2
799 856 2
799 858 2
799 861 2
799 866 2
799 867 2
799 870 2
799 871 2
799 873 2
799 875 2
799 878 2
799 879 2
799 882 2
800 839 2
800 840 2
800 841 2
800 846 2
800 849 2
800 851 2
800 852 2
800 854 2
800 856 2
800 860 2
800 864 2
800 865 2
800 874 2
800 876 2
800 881 2
800 882 2
801 834 2
801 837 2
801 839 2
801 841 2
801 855 2
801 856 2
801 859 2
801 866 2
801 868 2
801 874 2
801 875 2
801 879 2
802 834 2
802 836 2
802 839 2
802 840 2
802 841 2
802 843 2
802 844 2
802 846 2
802 849 2
802 851 2
802 852 2
802 854 2
802 860 2
802 862 2
802 863 2
802 864 2
802 871 2
802 873 2
802 874 2
802 877 2
802 878 2
802 883 2
803 835 2
803 839 2
803 842 2
803 846 2
803 847 2
803 848 2
803 851 2
803 858 2
803 859 2
803 867 2
803 873 2
803 874 2
803 883 2
804 835 2
804 836 2
804 838 2
804 840 2
804 842 2
804 844 2
804 848 2
804 849 2
804 852 2
804 856 2
804 857 2
804 860 2
804 869 2
804 871 2
804 875 2
804 880 2
804 881 2
804 882 2
805 834 2
805 836 2
805 839 2
805 843 2
805 844 2
805 852 2
805 854 2
805 856 2
805 858 2
805 860 2
805 861 2
805 862 2
805 867 2
805 872 2
805 874 2
805 881 2
805 883 2
806 846 2
806 853 2
806 854 2
806 870 2
806 873 2
806 875 2
806 877 2
806 880 2
806 881 2
807 834 2
807 836 2
807 844 2
807 845 2
807 849 2
807 850 2
807 852 2
807 853 2
807 854 2
807 855 2
807 858 2
807 859 2
807 864 2
807 867 2
807 871 2
807 874 2
808 836 2
808 837 2
808 838 2
808 841 2
808 844 2
808 847 2
808 848 2
808 853 2
808 863 2
808 877 2
808 878 2
808 880 2
808 881 2
809 834 2
809 843 2
809 847 2
809 854 2
809 859 2
809 876 2
810 836 2
810 839 2
810 840 2
810 841 2
810 843 2
810 845 2
810 851 2
810 855 2
810 859 2
810 863 2
810 864 2
810 865 2
810 867 2
810 868 2
810 870 2
810 872 2
810 874 2
810 875 2
810 876 2
810 877 2
810 878 2
810 879 2
810 883 2
811 835 2
811 839 2
811 842 2
811 843 2
811 851 2
811 854 2
811 860 2
811 862 2
811 867 2
811 869 2
811 875 2
811 878 2
811 880 2
811 883 2
812 839 2
812 846 2
812 848 2
812 851 2
812 856 2
812 862 2
812 866 2
812 868 2
812 871 2
812 873 2
812 875 2
812 877 2
812 878 2
812 880 2
812 882 2
813 834 2
813 839 2
813 846 2
813 848 2
813 849 2
813 853 2
813 854 2
813 856 2
813 861 2
813 865 2
813 868 2
813 871 2
813 881 2
814 842 2
814 849 2
814 852 2
814 853 2
814 856 2
814 863 2
814 864 2
814 867 2
814 871 2
814 875 2
814 876 2
814 880 2
814 883 2
815 842 2
815 846 2
815 847 2
815 848 2
815 849 2
815 856 2
815 857 2
815 858 2
815 859 2
815 867 2
815 870 2
815 874 2
815 875 2
815 877 2
815 880 2
816 834 2
816 835 2
816 837 2
816 839 2
816 860 2
816 863 2
816 870 2
816 872 2
816 873 2
816 877 2
816 880 2
816 882 2
817 839 2
817 842 2
817 845 2
817 847 2
817 853 2
817 857 2
817 860 2
817 862 2
817 864 2
817 866 2
817 869 2
817 873 2
817 875 2
817 876 2
817 880 2
818 835 2
818 840 2
818 842 2
818 846 2
818 856 2
818 859 2
818 862 2
818 863 2
818 867 2
818 870 2
818 879 2
818 881 2
819 835 2
819 840 2
819 841 2
819 844 2
819 846 2
819 850 2
819 851 2
819 852 2
819 856 2
819 858 2
819 860 2
819 861 2
819 866 2
819 875 2
820 839 2
820 840 2
820 841 2
820 847 2
820 851 2
820 852 2
820 858 2
820 859 2
820 860 2
820 861 2
820 868 2
820 871 2
820 875 2
820 880 2
820 883 2
821 835 2
821 836 2
821 837 2
821 839 2
821 841 2
821 842 2
821 845 2
821 846 2
821 853 2
821 854 2
821 857 2
821 865 2
821 873 2
821 874 2
821 882 2
821 883 2
822 837 2
822 842 2
822 847 2
822 858 2
822 865 2
822 871 2
822 872 2
822 873 2
822 874 2
822 875 2
822 876 2
822 878 2
822 881 2
823 844 2
823 845 2
823 847 2
823 856 2
823 859 2
823 866 2
823 869 2
823 871 2
823 877 2
823 878 2
824 835 2
824 841 2
824 845 2
824 849 2
824 850 2
824 851 2
824 852 2
824 857 2
824 861 2
824 867 2
824 868 2
824 874 2
824 876 2
824 877 2
824 879 2
824 881 2
824 882 2
825 837 2
825 838 2
825 839 2
825 840 2
825 844 2
825 847 2
825 848 2
825 851 2
825 854 2
825 855 2
825 856 2
825 857 2
825 860 2
825 862 2
825 863 2
825 876 2
825 882 2
825 883 2
826 837 2
826 839 2
826 840 2
826 846 2
826 850 2
826 851 2
826 854 2
826 860 2
826 871 2
826 880 2
826 881 2
826 882 2
826 883 2
827 834 2
827 835 2
827 836 2
827 840 2
827 846 2
827 848 2
827 849 2
827 856 2
827 858 2
827 860 2
827 861 2
827 862 2
827 863 2
827 882 2
828 834 2
828 835 2
828 837 2
828 838 2
828 843 2
828 845 2
828 850 2
828 851 2
828 855 2
828 857 2
828 858 2
828 862 2
828 870 2
828 871 2
828 872 2
828 883 2
829 836 2
829 844 2
829 850 2
829 852 2
829 853 2
829 855 2
829 859 2
829 861 2
829 862 2
829 865 2
829 867 2
829 868 2
829 869 2
829 871 2
829 872 2
829 876 2
829 880 2
830 838 2
830 840 2
830 844 2
830 856 2
830 857 2
830 862 2
830 865 2
830 866 2
830 871 2
830 872 2
830 877 2
830 882 2
831 834 2
831 844 2
831 852 2
831 854 2
831 861 2
831 862 2
831 863 2
831 864 2
831 865 2
831 870 2
831 875 2
831 879 2
832 835 2
832 845 2
832 846 2
832 848 2
832 850 2
832 854 2
832 860 2
832 862 2
832 863 2
832 864 2
832 866 2
832 868 2
832 876 2
832 879 2
832 883 2
833 834 2
833 837 2
833 843 2
833 844 2
833 850 2
833 851 2
833 854 2
833 855 2
833 856 2
833 862 2
833 874 2
833 879 2
834 884 2
834 885 2
834 887 2
834 889 2
834 890 1
834 897 2
834 898 2
834 900 2
834 901 2
834 902 2
835 885 2
835 888 2
835 890 2
835 891 2
835 892 2
835 894 2
835 896 2
835 898 1
836 884 2
836 886 2
836 887 2
836 888 2
836 892 2
836 895 2
836 898 2
836 899 2
837 887 2
837 888 2
837 892 2
837 893 2
837 894 2
838 890 2
838 892 2
838 893 2
838 898 2
838 900 2
838 903 2
839 886 2
839 889 2
839 891 2
839 897 2
839 899 2
839 900 2
839 903 2
840 886 2
840 887 2
840 892 2
840 893 2
840 895 2
840 896 2
840 899 2
841 890 2
841 891 2
841 892 2
841 896 2
841 898 2
841 901 2
842 884 2
842 885 2
842 896 2
842 899 2
842 901 2
843 884 2
843 885 2
843 889 1
843 890 2
843 891 2
843 894 2
843 895 2
843 896 2
843 898 2
843 902 2
844 885 2
844 888 2
844 890 2
844 891 2
844 898 2
844 899 2
844 903 2
845 886 2
845 889 2
845 890 2
845 895 2
845 897 2
845 899 2
845 902 2
846 886 2
846 892 2
846 898 2
846 899 2
846 900 2
846 902 2
846 903 2
847 885 2
847 886 2
847 887 2
847 889 2
847 890 2
847 893 2
847 894 2
847 898 2
847 899 2
847 901 2
847 903 2
848 884 2
848 885 2
848 886 2
848 894 2
848 895 2
848 897 2
848 898 2
849 885 2
849 886 2
849 890 2
849 891 2
849 892 2
849 893 1
849 894 2
849 899 2
849 901 2
849 903 2
850 884 2
850 885 2
850 893 2
850 894 2
850 896 2
850 897 2
850 898 2
850 900 2
850 903 2
851 884 2
851 887 2
851 896 2
851 902 2
852 886 2
852 888 2
852 889 2
852 891 2
852 895 2
852 897 2
852 900 2
852 903 1
853 885 2
853 887 2
853 890 2
853 892 2
853 893 2
853 896 2
853 900 2
853 901 2
853 902 2
853 903 2
854 884 2
854 885 2
854 889 2
854 890 2
854 895 2
854 897 2
854 899 2
854 900 2
854 901 2
854 902 2
854 903 2
855 887 2
855 888 1
855 893 2
855 897 2
855 903 2
856 893 2
856 895 2
856 897 2
856 898 2
856 899 2
856 900 2
856 902 2
856 903 2
858 885 2
858 887 2
858 890 2
858 892 2
858 895 2
858 897 2
858 898 2
859 886 2
859 887 2
859 889 2
859 895 2
859 896 2
859 902 2
859 903 2
860 885 2
860 889 2
860 891 2
860 897 2
860 899 2
860 901 2
860 903 2
861 886 2
861 887 2
861 888 2
861 889 2
861 891 2
861 893 2
861 894 2
861 900 2
861 901 2
862 887 2
862 888 2
862 891 2
862 892 2
862 893 2
862 895 2
862 898 2
862 900 2
862 901 2
862 902 2
863 888 2
863 889 2
863 891 2
863 903 2
864 884 2
864 885 2
864 886 2
864 888 1
864 892 2
864 897 2
864 903 2
865 884 2
865 890 2
865 891 2
865 895 2
865 900 2
865 902 2
865 903 2
866 884 2
866 888 2
866 889 2
866 892 2
866 893 2
866 899 2
867 886 2
867 887 2
867 895 2
867 901 2
867 903 2
868 884 2
868 887 2
868 891 2
868 892 2
868 893 2
868 894 2
868 897 2
868 901 2
868 903 2
869 886 2
869 890 2
869 891 2
869 895 1
869 896 1
869 899 2
869 900 2
869 903 2
870 885 2
870 888 2
870 890 2
870 891 2
870 893 2
870 894 2
870 897 2
870 900 2
870 901 2
870 902 2
871 884 2
871 885 2
871 889 2
871 891 2
871 892 2
871 893 2
871 897 2
871 898 2
872 884 2
872 887 2
872 888 2
872 891 2
872 894 2
872 896 2
872 898 2
872 901 2
873 886 2
873 887 2
873 890 2
873 891 2
873 893 2
873 895 2
873 897 2
873 898 2
873 899 2
873 902 2
874 889 2
874 890 2
874 891 2
874 892 2
874 896 2
874 897 2
874 899 2
874 901 2
874 902 2
875 884 2
875 885 2
875 886 2
875 890 2
875 894 2
875 895 2
875 901 2
876 884 2
876 885 2
876 886 2
876 891 2
876 892 2
876 894 2
876 895 2
876 897 2
876 899 2
876 901 2
877 892 2
877 895 2
877 896 2
877 899 2
877 900 2
878 886 2
878 888 2
878 889 2
878 890 2
878 894 2
878 895 2
878 896 2
878 899 2
878 900 2
878 902 2
879 884 2
879 886 2
879 889 2
879 890 2
879 891 2
879 893 2
879 894 1
879 896 2
879 899 2
879 901 2
879 902 2
880 884 2
880 889 2
880 890 2
880 892 2
880 893 2
880 894 2
880 901 2
880 903 2
881 884 2
881 887 2
881 888 2
881 893 2
881 895 2
881 897 2
881 898 2
881 899 2
881 900 2
881 902 2
882 885 2
882 886 2
882 887 2
882 888 2
882 891 2
882 898 2
882 899 2
883 887 2
883 888 2
883 892 2
883 893 2
883 894 2
883 896 2
883 899 2
883 900 2
883 902 2
883 903 2
884 904 3
884 905 2
884 907 2
884 908 2
884 909 1
884 910 1
884 912 2
885 904 2
885 907 1
885 908 3
885 909 2
885 910 1
885 911 1
885 912 2
885 913 2
886 904 2
886 905 2
886 906 2
886 908 2
886 909 2
886 910 2
886 911 2
886 912 1
887 904 1
887 905 2
887 906 3
887 908 1
887 909 2
888 904 2
888 905 2
888 906 3
888 907 2
888 908 2
888 911 2
888 912 1
889 905 1
889 908 2
889 909 1
889 912 2
889 913 2
890 907 2
890 908 2
890 912 1
890 913 1
891 904 2
891 905 2
891 911 2
891 913 2
892 908 2
892 910 3
892 912 2
892 913 3
893 908 2
893 910 2
893 913 3
894 906 2
894 909 2
894 911 3
894 913 2
895 907 3
895 909 2
895 910 2
895 911 2
895 913 2
896 904 2
896 906 2
896 907 1
896 908 2
896 909 2
896 912 2
896 913 1
897 905 3
897 906 2
897 909 1
897 911 2
898 905 2
898 907 2
898 910 2
898 911 3
898 912 1
899 906 2
899 907 2
899 908 1
899 911 1
899 913 2
900 904 1
900 905 2
900 907 2
900 909 2
900 910 2
900 911 2
900 912 2
901 904 2
901 905 2
901 906 2
901 909 1
901 911 1
901 912 2
902 904 2
902 905 2
902 908 2
902 909 1
902 910 1
902 911 2
903 904 2
903 905 2
903 906 2
903 907 2
903 908 2
903 909 2
903 910 2
903 912 2
