0 35 1
0 37 1
0 42 1
0 46 1
0 49 1
1 34 1
1 38 1
1 43 1
1 44 1
1 50 1
2 36 1
2 40 1
2 42 1
2 45 1
2 48 1
2 50 1
3 36 1
3 38 1
3 41 1
3 44 1
3 48 1
4 34 1
4 36 1
4 39 1
4 43 1
5 32 1
5 33 1
5 42 1
5 48 1
5 49 1
6 34 1
6 39 1
6 42 1
6 44 1
6 45 1
6 46 1
7 32 1
7 34 1
7 40 1
7 41 1
7 42 1
7 46 1
8 37 1
8 39 1
8 45 1
8 48 1
8 50 1
9 33 1
9 38 1
9 42 1
9 43 1
9 46 1
9 47 1
9 49 1
10 32 1
10 38 1
10 43 1
10 48 1
11 31 1
11 32 1
11 33 1
11 44 1
12 34 1
12 37 1
12 39 1
12 40 1
12 41 1
12 46 1
12 48 1
12 50 1
13 31 1
13 39 1
13 40 1
13 43 1
13 45 1
13 50 1
14 36 1
14 44 1
14 47 1
14 49 1
14 50 1
15 33 1
15 34 1
15 41 1
15 46 1
15 47 1
15 48 1
15 49 1
16 31 1
16 34 1
16 37 1
16 38 1
16 43 1
16 47 1
17 32 1
17 40 1
17 42 1
17 43 1
17 45 1
18 35 1
18 38 1
18 40 1
18 42 1
19 41 1
19 44 1
19 47 1
19 49 1
19 50 1
20 31 1
20 32 1
20 37 1
20 41 1
20 46 1
21 33 1
21 34 1
21 35 1
21 40 1
21 42 1
21 43 1
21 47 1
21 48 1
21 49 1
22 32 1
22 35 1
22 39 1
22 40 1
22 47 1
22 48 1
23 31 1
23 40 1
23 45 1
23 46 1
23 47 1
23 49 1
24 33 1
24 35 1
24 41 1
24 42 1
24 48 1
25 35 1
25 38 1
25 42 1
25 47 1
25 49 1
26 32 1
26 35 1
26 38 1
26 39 1
26 46 1
27 31 1
27 36 1
27 42 1
27 44 1
28 33 1
28 34 1
28 40 1
28 43 1
28 49 1
29 36 1
29 37 1
29 38 1
29 44 1
29 45 1
29 50 1
30 31 1
30 33 1
30 38 1
30 41 1
30 46 1
30 48 1
31 51 1
31 57 1
31 58 1
31 59 1
32 51 1
32 53 1
32 54 1
32 59 1
33 51 1
33 53 1
33 56 1
33 57 1
33 59 1
34 51 1
34 53 1
34 59 1
34 60 1
35 54 1
35 56 1
35 57 1
36 55 1
36 56 1
36 58 1
37 52 1
37 53 1
37 56 1
37 57 1
37 60 1
38 54 1
38 55 1
38 56 1
38 57 1
38 59 1
39 51 1
39 58 1
40 51 1
40 52 1
40 54 1
41 53 1
41 54 1
41 55 1
42 53 1
42 58 1
42 60 1
43 56 1
43 57 1
43 58 1
44 51 1
44 53 1
44 54 1
44 55 1
44 56 1
44 58 1
44 59 1
45 52 1
45 55 1
45 57 1
45 58 1
45 60 1
46 51 1
46 52 1
46 55 1
46 56 1
47 52 1
48 51 1
48 55 1
48 58 1
48 59 1
49 53 1
49 60 1
50 52 1
50 55 1
50 56 1
50 60 1
51 61 1
51 63 1
51 64 1
52 64 1
53 62 1
53 64 1
54 61 1
54 62 1
54 63 1
55 62 1
55 63 1
56 61 1
56 63 1
56 64 1
57 61 1
58 61 1
58 63 1
58 64 1
59 61 1
59 63 1
59 64 1
60 61 1
60 62 1
60 64 1
