0 34 2
0 35 3
0 37 2
0 38 2
0 41 1
0 46 2
0 47 2
0 50 1
0 54 2
0 56 2
0 57 2
1 34 2
1 39 2
1 41 1
1 43 2
1 46 2
1 54 2
2 33 2
2 35 2
2 38 2
2 41 3
2 44 2
2 47 2
2 54 2
2 60 2
3 31 1
3 34 3
3 37 2
3 38 1
3 39 3
3 41 1
3 43 2
3 44 2
3 47 2
3 52 2
3 55 2
3 59 2
3 60 2
4 34 1
4 37 3
4 39 1
4 40 1
4 41 2
4 43 1
4 44 1
4 48 2
4 54 2
4 55 2
4 58 2
5 31 2
5 33 2
5 35 1
5 36 2
5 38 2
5 39 2
5 40 2
5 41 2
5 43 2
5 44 1
5 46 1
5 47 2
5 48 2
5 51 2
5 54 1
5 55 2
5 56 2
5 57 2
5 58 3
6 31 2
6 32 2
6 33 2
6 34 1
6 36 2
6 37 1
6 38 2
6 39 1
6 41 2
6 44 2
6 48 2
6 50 2
6 52 2
6 54 2
6 56 2
6 58 2
7 34 2
7 37 2
7 38 1
7 41 2
7 43 2
7 45 3
7 46 2
7 53 2
8 37 2
8 38 1
8 41 2
8 44 2
8 48 1
8 52 2
8 59 3
9 34 2
9 35 2
9 38 2
9 39 1
9 41 1
9 43 1
9 45 2
9 54 1
9 57 2
10 33 2
10 39 1
10 43 2
10 49 3
10 59 2
11 35 1
11 39 2
11 40 2
11 44 2
11 45 2
11 46 1
11 58 2
11 59 3
12 35 2
12 39 2
12 40 2
12 46 1
12 50 2
12 53 2
12 59 2
12 60 2
13 34 2
13 37 2
13 38 1
13 41 2
13 43 1
13 45 2
13 53 2
13 58 2
13 60 1
14 32 2
14 33 2
14 35 2
14 38 2
14 41 1
14 54 2
15 34 2
15 37 1
15 38 1
15 41 1
15 43 2
15 49 2
15 52 2
16 31 2
16 37 2
16 38 2
16 41 1
16 46 2
16 54 1
16 58 1
17 38 1
17 41 2
17 42 2
17 43 2
17 45 2
17 46 2
17 47 2
17 52 2
18 35 2
18 40 1
18 50 1
18 51 2
18 54 2
19 34 2
19 35 2
19 39 1
19 40 2
19 44 2
19 48 2
19 54 1
19 56 2
19 58 2
20 32 2
20 37 2
20 44 2
20 45 2
20 46 2
20 47 2
20 54 2
20 56 2
21 36 2
21 37 2
21 39 1
21 42 2
21 44 2
21 46 2
21 48 1
21 57 2
21 58 2
22 31 2
22 38 2
22 40 2
22 42 2
22 44 2
22 53 2
22 54 2
22 55 2
23 37 2
23 41 2
23 47 2
23 48 2
24 35 2
24 38 2
24 41 2
24 42 2
24 46 1
24 48 1
24 51 2
24 53 2
24 54 1
24 55 2
25 35 2
25 37 1
25 38 2
25 44 2
25 46 1
25 47 1
25 49 2
25 51 2
25 60 2
26 34 2
26 38 1
26 47 2
26 49 2
26 56 3
26 57 1
27 37 2
27 39 2
27 40 3
27 43 2
27 52 2
28 31 2
28 36 1
28 47 1
28 49 2
28 51 2
28 52 2
28 57 2
29 33 2
29 36 2
29 39 2
29 46 2
29 50 2
29 53 2
29 60 2
30 32 1
30 35 2
30 36 2
30 39 2
30 41 1
30 43 1
30 48 2
30 55 2
30 60 2
31 63 2
31 65 2
31 71 1
31 80 1
31 86 2
32 65 2
32 76 2
33 63 2
33 74 2
33 77 2
33 79 2
33 84 2
33 90 2
34 61 1
34 62 2
34 63 2
34 65 2
34 77 1
34 82 3
34 85 2
34 89 3
35 62 2
35 69 2
35 70 1
35 71 2
35 76 2
35 78 2
35 80 2
35 81 2
35 83 2
35 85 2
35 86 2
35 88 2
35 89 2
36 61 2
36 63 1
36 69 2
36 80 2
36 81 2
36 84 1
36 85 2
36 86 2
36 90 2
37 61 2
37 63 1
37 64 2
37 65 2
37 67 2
37 73 3
37 74 2
37 75 2
37 83 3
37 86 2
37 89 2
37 90 2
38 69 1
38 70 2
38 73 2
38 75 3
38 77 2
38 80 3
38 82 1
38 83 2
38 89 1
38 90 3
39 66 2
39 68 2
39 70 2
39 78 1
39 79 2
39 80 2
39 82 2
39 89 3
40 63 2
40 65 3
40 71 2
40 72 2
40 73 2
40 75 2
40 76 2
40 83 2
40 84 2
40 89 2
41 62 2
41 65 2
41 66 2
41 69 2
41 70 3
41 74 2
41 77 2
41 79 2
41 80 3
41 83 2
41 86 2
41 89 1
41 90 3
42 69 2
42 75 2
42 76 2
42 89 3
43 62 2
43 66 2
43 69 2
43 73 1
43 80 3
43 81 2
43 83 1
43 86 2
43 87 2
43 89 3
44 65 2
44 68 2
44 70 2
44 73 1
44 74 2
44 75 2
44 76 2
44 82 2
44 83 1
44 89 2
44 90 1
45 62 3
45 65 2
45 69 2
45 71 2
45 84 2
46 64 2
46 67 2
46 69 2
46 70 2
46 73 3
46 74 2
46 76 2
46 77 2
46 79 3
46 80 2
46 81 2
46 82 3
46 83 3
47 61 2
47 70 2
47 71 1
47 84 1
47 88 2
48 72 2
48 75 2
48 77 2
48 81 2
48 82 2
48 83 3
49 65 2
49 67 2
49 68 2
49 70 2
49 80 1
49 81 2
49 83 2
50 68 2
50 69 2
50 78 2
50 83 2
50 84 1
50 86 2
51 62 2
51 67 2
51 69 2
51 70 2
51 75 2
51 77 2
51 86 2
52 66 2
52 67 2
52 69 2
52 72 2
52 76 2
52 78 2
52 88 2
53 61 2
53 67 2
53 68 2
53 72 2
53 74 2
53 83 2
53 84 2
53 85 2
54 63 2
54 65 3
54 67 2
54 68 2
54 72 2
54 76 2
54 77 3
54 83 2
54 89 2
55 71 2
55 72 2
55 76 2
55 78 1
55 81 2
55 83 2
55 84 1
55 85 2
56 67 2
56 77 1
56 78 2
56 81 2
56 90 2
57 65 2
57 68 2
57 77 2
57 83 2
57 86 3
57 87 1
58 62 2
58 70 3
58 73 2
58 80 2
58 83 2
58 90 2
59 66 2
59 77 1
59 79 2
59 81 2
59 82 2
59 87 2
60 63 2
60 66 2
60 69 2
60 80 2
60 83 2
60 90 2
62 91 2
62 93 3
62 94 1
63 92 3
63 93 1
63 94 2
64 92 2
65 91 1
65 92 3
65 93 2
65 94 1
66 93 2
66 94 2
67 92 2
69 93 2
70 91 2
70 93 3
70 94 2
72 92 3
72 93 1
73 93 2
73 94 3
74 92 2
74 93 2
75 91 1
75 92 2
75 93 2
75 94 2
76 91 2
76 92 2
76 93 1
77 91 1
77 92 3
79 92 2
79 94 2
80 91 1
80 93 3
80 94 1
81 93 1
81 94 2
82 91 3
82 92 2
82 93 1
83 91 2
83 92 1
83 93 1
83 94 3
84 91 2
86 91 2
87 93 2
88 94 2
89 91 3
89 93 1
89 94 1
90 91 1
90 93 3
90 94 2
