0 31 2
0 41 2
0 44 2
0 49 2
1 33 2
1 35 2
1 50 1
2 33 2
2 35 2
2 48 2
3 38 1
3 45 2
3 49 2
4 40 2
4 44 2
4 49 2
5 37 1
5 39 2
5 40 2
5 49 2
6 32 3
6 44 2
6 49 2
6 50 2
7 36 2
7 38 2
7 43 2
7 47 2
7 49 2
8 34 2
8 36 2
8 37 2
8 39 2
8 43 2
8 46 2
8 47 2
9 35 1
9 37 2
9 50 2
10 43 2
10 47 1
10 48 2
11 34 1
11 38 2
12 31 2
12 32 1
12 33 2
12 47 2
13 38 2
13 39 3
13 44 2
14 35 2
14 42 1
14 47 2
15 31 2
15 32 1
15 34 2
15 41 2
15 43 2
15 46 1
16 36 1
16 47 1
16 49 1
17 34 2
18 37 2
18 46 2
19 42 3
19 43 1
19 45 1
19 47 2
20 32 2
20 41 2
20 42 2
20 44 2
20 45 2
21 32 2
21 36 1
21 37 2
21 40 2
21 50 1
22 34 2
22 39 2
22 42 2
22 46 2
23 33 1
23 41 2
23 43 2
23 48 2
24 35 2
24 41 2
24 42 1
24 45 1
24 48 2
25 34 2
25 37 2
25 40 2
25 46 1
26 33 2
26 40 2
26 50 2
27 39 2
27 42 2
27 44 2
27 48 2
27 49 2
28 35 2
28 36 2
28 41 1
29 36 2
29 48 2
29 50 2
30 40 2
30 41 1
30 50 2
31 55 2
31 56 2
32 51 1
32 52 2
32 54 2
32 57 2
32 58 2
32 60 3
33 54 1
33 56 3
34 51 1
34 52 2
34 59 2
35 53 2
35 55 1
36 52 2
36 53 2
36 56 1
36 57 2
36 58 2
37 55 2
37 57 1
37 58 2
37 59 2
38 53 2
38 57 2
38 59 1
39 55 2
39 57 1
40 52 2
40 56 2
40 59 1
40 60 3
41 59 1
42 53 1
42 58 2
42 59 3
42 60 2
43 52 3
43 54 2
43 55 2
44 51 2
44 52 2
44 55 1
44 57 2
45 54 2
45 58 1
46 54 1
46 59 2
46 60 2
47 51 1
47 52 2
47 53 2
47 59 2
48 52 1
48 56 2
48 60 2
49 52 2
49 53 2
49 54 2
49 56 1
49 57 2
49 58 2
50 53 1
50 58 3
52 61 3
52 63 1
53 62 2
53 63 3
54 61 2
54 62 1
54 63 2
56 62 2
56 64 3
57 61 3
57 63 2
58 61 1
58 62 1
58 64 3
59 63 3
59 64 1
60 62 1
60 63 2
