0 33 2
0 43 2
0 48 2
1 31 2
1 32 2
2 36 2
3 37 2
3 49 2
4 40 2
4 43 3
4 47 2
5 46 2
5 47 2
6 35 2
7 33 2
7 36 2
7 37 2
7 45 2
7 46 2
8 32 2
8 42 2
8 44 2
9 32 2
9 44 2
10 33 2
10 46 2
11 36 2
11 37 2
11 47 2
12 37 2
12 40 2
12 44 2
13 42 2
13 43 2
14 33 2
15 43 2
16 36 2
16 43 2
17 31 2
17 37 2
17 48 2
19 39 2
19 43 2
20 35 2
21 46 2
22 45 2
22 46 2
23 39 2
23 43 2
23 49 2
24 31 2
24 50 2
25 32 2
25 35 2
25 39 2
25 43 2
25 45 2
26 34 2
26 46 2
26 50 2
28 35 2
28 42 2
28 46 2
29 35 2
30 34 2
30 40 2
30 46 2
31 53 2
32 53 2
32 58 2
33 51 2
33 52 2
35 56 2
37 57 2
38 59 2
39 60 2
40 53 3
40 57 2
42 56 2
42 57 2
43 55 2
45 53 2
45 56 2
45 57 2
46 55 2
46 56 2
47 52 2
48 52 2
48 54 2
49 52 2
50 54 2
51 63 2
54 61 2
55 62 2
56 61 2
56 62 2
