0 31 1
0 32 1
0 35 1
0 36 1
0 41 1
0 44 1
0 45 1
0 47 1
1 32 1
1 34 1
1 36 1
1 41 1
1 44 1
1 45 1
1 48 1
1 49 1
1 50 1
2 32 1
2 33 1
2 34 1
2 36 1
2 40 1
2 42 1
2 43 1
2 44 1
2 45 1
2 48 1
3 32 1
3 35 1
3 36 1
3 37 1
3 38 1
3 39 1
3 41 1
3 44 1
3 45 1
3 46 1
3 47 1
3 48 1
3 49 1
4 31 1
4 33 1
4 35 1
4 36 1
4 39 1
4 41 1
4 44 1
4 47 1
5 31 1
5 32 1
5 34 1
5 36 1
5 37 1
5 39 1
5 44 1
5 46 1
5 50 1
6 34 1
6 35 1
6 36 1
6 37 1
6 39 1
6 44 1
6 50 1
7 31 1
7 35 1
7 41 1
7 45 1
8 31 1
8 36 1
8 44 1
8 47 1
8 49 1
9 35 1
9 37 1
9 39 1
9 41 1
9 42 1
10 34 1
10 35 1
10 36 1
10 37 1
10 38 1
10 40 1
10 41 1
10 48 1
11 31 1
11 32 1
11 34 1
11 35 1
11 40 1
11 41 1
11 43 1
11 44 1
11 45 1
11 50 1
12 31 1
12 43 1
12 47 1
12 49 1
13 34 1
13 35 1
13 37 1
13 38 1
13 39 1
13 40 1
13 44 1
14 33 1
14 34 1
14 35 1
14 36 1
14 37 1
14 39 1
14 45 1
14 49 1
15 31 1
15 32 1
15 49 1
16 31 1
16 32 1
16 47 1
16 49 1
17 31 1
17 32 1
17 33 1
17 35 1
17 39 1
17 40 1
17 46 1
18 31 1
18 32 1
18 34 1
18 36 1
18 38 1
18 41 1
18 46 1
18 47 1
18 48 1
18 49 1
19 32 1
19 33 1
19 35 1
19 38 1
19 39 1
19 47 1
19 48 1
20 31 1
20 34 1
20 37 1
20 39 1
20 47 1
20 49 1
21 31 1
21 32 1
21 38 1
21 39 1
21 41 1
21 48 1
22 31 1
22 32 1
22 37 1
22 38 1
22 39 1
22 43 1
22 49 1
23 36 1
23 39 1
23 43 1
23 47 1
23 50 1
24 31 1
24 34 1
24 35 1
24 36 1
24 38 1
24 49 1
25 32 1
25 34 1
25 41 1
25 50 1
26 37 1
26 45 1
27 34 1
27 35 1
27 36 1
27 41 1
27 43 1
27 44 1
27 45 1
27 46 1
27 49 1
28 36 1
28 41 1
29 34 1
29 48 1
30 32 1
30 35 1
30 44 1
30 48 1
30 49 1
31 51 1
31 52 1
31 54 1
31 55 1
31 58 1
31 59 1
31 60 1
32 51 1
32 54 1
32 55 1
32 56 1
32 57 1
32 58 1
32 60 1
34 51 1
34 54 1
34 55 1
34 56 1
34 58 1
34 60 1
35 51 1
35 52 1
35 53 1
35 54 1
35 58 1
36 52 1
36 53 1
36 54 1
36 55 1
36 58 1
37 51 1
37 52 1
37 54 1
37 55 1
37 58 1
37 60 1
38 51 1
38 52 1
38 57 1
38 59 1
39 51 1
39 52 1
39 54 1
39 55 1
39 57 1
39 58 1
39 59 1
39 60 1
40 54 1
41 52 1
41 53 1
41 55 1
41 58 1
41 59 1
43 57 1
44 51 1
44 53 1
44 55 1
44 56 1
44 60 1
45 52 1
45 54 1
45 56 1
45 57 1
45 58 1
46 51 1
46 55 1
47 56 1
47 58 1
47 59 1
48 54 1
48 55 1
48 56 1
48 57 1
48 59 1
49 54 1
49 55 1
49 57 1
49 59 1
49 60 1
50 51 1
50 55 1
50 58 1
50 60 1
51 61 1
51 62 1
51 63 1
51 64 1
52 61 1
52 62 1
52 64 1
53 61 1
53 62 1
53 63 1
54 61 1
54 62 1
54 63 1
54 64 1
55 61 1
55 62 1
56 61 1
56 62 1
56 64 1
58 61 1
58 62 1
58 63 1
59 61 1
59 63 1
59 64 1
60 61 1
60 62 1
60 63 1
60 64 1
