0 37 2 
0 39 2 
0 47 2 
0 49 2 
1 32 2 
1 36 2 
1 39 2 
1 40 2 
1 47 2 
1 48 2 
1 49 2 
2 38 2 
2 40 2 
2 41 2 
2 42 2 
3 33 2 
3 34 2 
3 36 2 
3 37 2 
3 42 2 
3 44 2 
3 49 2 
4 33 3 
4 34 2 
4 36 2 
4 38 2 
4 39 2 
4 47 2 
4 49 2 
5 31 2 
5 35 2 
5 37 2 
5 38 1 
5 40 2 
5 42 2 
5 46 2 
5 47 2 
5 49 2 
5 50 3 
6 32 2 
6 33 2 
6 34 2 
6 41 2 
7 32 2 
7 33 2 
7 37 2 
7 41 2 
8 37 2 
8 39 2 
8 40 2 
9 33 2 
9 36 2 
9 43 2 
9 46 2 
9 47 1 
9 49 2 
10 32 2 
10 36 2 
10 39 2 
10 44 2 
11 40 2 
11 42 2 
11 49 2 
12 39 2 
12 43 2 
12 47 2 
12 48 2 
13 32 2 
13 38 2 
13 40 2 
13 48 2 
13 49 2 
14 35 2 
14 48 2 
14 50 2 
15 38 2 
16 45 2 
16 47 2 
17 31 2 
17 32 2 
17 37 1 
17 40 2 
17 42 2 
17 44 2 
17 46 2 
19 31 2 
19 33 2 
19 34 2 
19 40 2 
19 42 2 
19 46 2 
20 33 2 
20 40 2 
21 40 2 
21 46 2 
21 50 2 
22 48 2 
22 49 2 
23 31 2 
23 44 2 
24 31 2 
24 35 2 
24 47 2 
25 32 2 
25 46 2 
26 35 2 
26 38 2 
26 40 2 
27 31 2 
27 34 2 
27 39 2 
27 40 2 
27 48 2 
28 49 2 
29 32 2 
29 35 2 
29 37 2 
29 38 2 
29 44 2 
29 45 2 
29 50 2 
30 31 2 
30 32 2 
30 35 2 
30 36 2 
30 45 2 
31 52 3 
31 58 2 
31 59 2 
32 54 2 
32 57 1 
33 52 2 
33 53 2 
33 56 2 
33 58 2 
33 59 3 
33 60 3 
34 55 2 
34 57 1 
34 58 2 
34 60 2 
35 58 1 
35 60 1 
36 51 2 
36 52 3 
37 52 3 
37 53 2 
37 54 2 
37 55 3 
37 56 1 
37 59 2 
37 60 2 
38 52 1 
38 53 2 
38 54 3 
38 59 3 
39 53 3 
39 54 1 
39 56 2 
39 58 2 
40 53 3 
40 57 2 
40 59 3 
41 51 3 
41 54 2 
41 55 3 
41 58 2 
41 60 2 
42 52 2 
42 53 2 
42 56 2 
42 57 2 
42 58 2 
42 60 3 
43 53 2 
43 54 3 
43 59 2 
44 51 2 
44 56 2 
44 57 2 
44 60 2 
45 52 2 
45 53 2 
45 57 2 
46 52 2 
46 55 2 
47 52 2 
47 58 2 
47 60 2 
48 51 2 
48 58 2 
49 53 3 
49 56 3 
49 59 3 
50 52 2 
50 53 2 
50 56 2 
50 57 1 
50 59 1 
51 62 3 
51 63 2 
51 64 2 
52 61 2 
52 63 3 
52 64 1 
53 61 3 
53 63 2 
53 64 2 
54 61 2 
54 62 3 
55 61 1 
55 62 2 
55 63 3 
56 62 1 
56 63 1 
57 62 3 
57 64 1 
58 61 3 
58 62 3 
58 64 2 
59 61 2 
59 63 1 
59 64 3 
60 61 1 
60 64 3 
