0 44 1
0 45 1
0 47 1
0 48 1
1 46 1
1 50 1
2 33 1
2 34 1
2 38 1
2 40 1
2 42 1
2 43 1
2 44 1
2 48 1
3 31 1
3 32 1
3 38 1
3 47 1
3 48 1
4 33 1
4 37 1
4 39 1
4 44 1
5 32 1
6 37 1
6 50 1
7 34 1
7 36 1
7 37 1
7 41 1
7 45 1
8 44 1
8 47 1
9 37 1
9 42 1
10 34 1
10 40 1
11 31 1
11 35 1
11 40 1
11 41 1
11 45 1
11 49 1
11 50 1
12 47 1
13 35 1
13 38 1
13 40 1
13 41 1
14 33 1
14 34 1
14 36 1
14 49 1
15 46 1
15 49 1
16 32 1
17 32 1
17 33 1
17 35 1
17 39 1
17 40 1
17 41 1
18 36 1
18 47 1
18 48 1
18 49 1
19 32 1
19 33 1
19 38 1
19 48 1
19 49 1
20 31 1
20 34 1
20 35 1
20 47 1
21 31 1
21 32 1
21 33 1
21 37 1
21 39 1
21 41 1
21 48 1
22 34 1
22 39 1
22 41 1
22 43 1
22 49 1
23 36 1
23 43 1
23 45 1
24 32 1
24 35 1
24 49 1
24 50 1
25 31 1
25 35 1
25 39 1
25 41 1
25 50 1
26 36 1
26 37 1
26 45 1
26 49 1
27 35 1
27 36 1
27 40 1
27 41 1
27 43 1
27 45 1
27 46 1
27 47 1
28 40 1
29 34 1
29 36 1
29 48 1
30 31 1
30 32 1
30 44 1
30 48 1
32 54 1
32 55 1
32 57 1
32 58 1
34 56 1
34 60 1
35 53 1
35 54 1
35 58 1
35 60 1
36 52 1
36 53 1
36 54 1
36 58 1
37 51 1
37 52 1
37 58 1
38 57 1
38 58 1
39 53 1
39 57 1
39 59 1
40 54 1
41 52 1
43 57 1
44 60 1
45 54 1
45 56 1
45 57 1
46 51 1
46 55 1
48 54 1
48 57 1
49 57 1
50 52 1
54 62 1
54 63 1
55 61 1
55 62 1
59 64 1
60 64 1
