4 796 2
5 799 2
7 798 2
11 789 2
11 800 2
12 793 2
12 797 2
14 786 2
25 792 2
28 788 2
30 793 2
30 799 2
32 784 2
34 785 2
35 789 2
39 784 2
39 791 2
40 792 2
41 790 2
42 794 2
43 792 2
45 788 2
57 802 2
58 793 2
59 794 2
59 795 2
60 795 2
64 787 2
64 788 2
65 787 2
66 788 2
72 792 2
73 803 2
74 795 2
74 798 2
76 796 2
79 799 2
79 802 2
84 795 2
85 799 2
86 794 2
86 802 2
87 802 2
88 794 2
88 799 2
90 787 2
95 799 2
96 784 2
96 785 2
97 786 2
100 798 2
102 799 2
106 803 2
107 794 2
109 787 2
113 786 2
115 801 2
120 789 2
121 798 2
124 786 2
127 786 2
127 789 2
128 791 2
136 792 2
137 788 2
140 790 2
141 803 2
146 795 2
148 790 2
148 799 2
150 789 2
152 797 2
156 788 2
158 786 2
161 791 2
162 786 2
162 789 2
165 796 2
166 799 2
169 788 2
169 798 2
171 786 2
172 802 2
173 790 2
178 788 2
182 800 2
183 791 2
183 797 2
184 785 2
186 791 2
190 793 2
190 799 2
203 794 2
204 784 2
204 789 2
206 794 2
207 792 2
208 786 2
209 784 2
209 785 2
209 798 2
209 800 2
210 784 2
210 801 2
211 785 2
211 799 2
211 800 2
212 802 2
213 800 2
214 785 2
214 799 2
215 800 2
220 798 2
221 785 2
221 786 2
226 795 2
230 791 2
234 796 2
235 787 2
235 798 2
236 789 2
236 792 2
236 796 2
239 785 2
240 785 2
242 797 2
245 790 2
247 787 2
247 794 2
250 793 2
252 791 2
256 791 2
259 789 2
259 795 2
260 784 2
260 797 2
261 789 2
265 801 2
265 803 2
267 796 2
275 786 2
275 788 2
275 797 2
275 803 2
276 786 2
276 792 2
277 790 2
277 794 2
284 801 2
288 796 2
288 798 2
289 798 2
290 797 2
290 799 2
292 792 2
292 795 2
293 788 2
294 788 2
295 799 2
295 800 2
296 790 2
297 799 2
299 792 2
299 799 2
300 784 2
300 787 2
300 797 2
300 803 2
301 800 2
302 794 2
304 786 2
304 796 2
305 784 2
305 786 2
307 793 2
308 784 2
310 795 2
311 784 2
313 797 2
316 789 2
317 792 2
318 785 2
321 788 2
321 796 2
322 785 2
322 792 2
323 785 2
323 801 2
325 800 2
326 795 2
326 797 2
326 803 2
329 791 2
332 790 2
332 794 2
337 791 2
339 794 2
341 796 2
341 797 2
343 785 2
343 798 2
347 792 2
348 791 2
348 796 2
349 785 2
349 786 2
349 788 2
349 792 2
350 791 2
351 785 2
351 790 2
352 784 2
354 784 2
354 800 2
359 786 2
360 786 2
364 797 2
366 798 2
366 801 2
368 785 2
370 791 2
374 796 2
375 790 2
376 796 2
378 791 2
378 801 2
379 789 2
379 790 2
379 796 2
379 803 2
384 803 2
386 790 2
386 798 2
387 797 2
388 786 2
388 796 2
388 798 2
388 801 2
389 798 2
390 793 2
391 802 2
398 792 2
398 794 2
401 794 2
401 802 2
403 798 2
403 800 2
403 802 2
404 787 2
404 801 2
405 791 2
406 788 2
406 791 2
407 796 2
407 800 2
414 794 2
424 803 2
425 785 2
430 798 2
431 794 2
433 788 2
433 790 2
433 791 2
434 789 2
435 802 2
436 796 2
440 803 2
444 798 2
447 803 2
450 793 2
454 786 2
454 791 2
455 786 2
455 789 2
456 786 2
461 799 2
462 788 2
463 787 2
464 802 2
465 792 2
465 801 2
466 786 2
468 784 2
471 797 2
472 803 2
481 800 2
482 788 2
483 788 2
483 800 2
484 786 2
484 802 2
485 786 2
485 802 2
486 802 2
487 786 2
487 800 2
489 788 2
489 790 2
490 788 2
490 802 2
491 786 2
493 803 2
495 792 2
499 790 2
500 803 2
504 787 2
504 790 2
507 790 2
512 789 2
513 790 2
514 790 2
516 802 2
517 784 2
517 791 2
517 802 2
518 792 2
520 784 2
528 798 2
529 796 2
533 787 2
534 784 2
536 791 2
537 785 2
542 790 2
546 801 2
546 802 2
547 787 2
550 786 2
550 789 2
550 795 2
552 789 2
555 786 2
563 801 2
564 786 2
564 798 2
565 786 2
566 790 2
567 795 2
568 786 2
572 790 2
574 797 2
576 797 2
580 786 2
581 786 2
582 786 2
583 800 2
587 788 2
587 791 2
589 803 2
590 791 2
593 802 2
594 791 2
594 802 2
596 787 2
597 793 2
598 787 2
599 788 2
599 801 2
602 796 2
606 793 2
607 786 2
607 797 2
609 800 2
610 797 2
615 797 2
616 801 2
621 798 2
624 785 2
629 799 2
629 801 2
630 798 2
630 801 2
638 795 2
644 790 2
647 802 2
650 798 2
650 801 2
652 792 2
652 795 2
652 803 2
653 786 2
655 785 2
656 791 2
656 801 2
657 797 2
658 796 2
660 792 2
673 799 2
676 793 2
677 790 2
677 802 2
679 800 2
681 786 2
683 786 2
689 801 2
693 792 2
695 784 2
698 789 2
701 792 2
701 793 2
703 792 2
704 801 2
704 802 2
707 800 2
709 784 2
711 800 2
712 801 2
713 798 2
714 802 2
716 786 2
717 800 2
718 803 2
720 786 2
720 800 2
721 800 2
723 793 2
732 788 2
733 797 2
735 788 2
735 801 2
736 800 2
738 789 2
746 790 2
749 789 2
749 799 2
750 796 2
751 802 2
753 793 2
758 786 2
760 795 2
761 792 2
771 789 2
773 801 2
780 801 2
783 788 2
783 800 2
784 805 2
784 811 2
784 812 2
785 804 1
785 807 3
785 808 2
785 809 2
785 811 3
785 812 2
786 804 3
786 805 2
786 806 1
786 808 2
786 811 3
786 812 3
788 808 2
788 809 3
788 811 2
788 812 3
788 813 3
789 805 2
789 806 3
789 808 2
789 809 2
789 811 2
789 813 2
790 804 1
790 805 2
790 807 2
790 809 2
790 810 3
790 811 3
790 812 2
791 804 2
791 809 3
791 812 3
792 805 3
792 807 3
792 809 2
792 810 2
792 812 2
792 813 2
793 806 3
793 810 2
794 804 2
794 808 2
794 811 2
795 809 2
795 810 2
796 805 2
796 808 3
796 810 3
796 813 3
797 806 3
797 807 2
797 808 2
797 810 1
797 811 2
797 812 2
797 813 2
798 804 2
798 806 3
798 807 2
798 808 2
798 809 1
798 810 2
798 813 2
799 804 3
799 807 2
799 808 2
799 813 2
800 804 2
800 805 3
800 806 2
800 807 2
800 809 2
800 810 1
800 811 2
800 812 3
800 813 1
801 805 2
801 806 2
801 807 3
801 809 2
801 810 2
801 812 1
802 805 3
802 807 2
802 808 1
802 809 3
802 810 3
802 812 2
802 813 3
803 804 2
803 810 2
803 812 2
804 814 2
804 819 3
804 821 1
804 823 1
805 815 2
805 816 2
805 817 2
805 819 1
805 821 3
805 823 2
806 815 1
806 816 1
806 817 1
806 818 2
806 821 3
806 823 3
807 814 3
807 815 1
807 817 3
807 818 2
807 819 2
807 822 1
808 816 1
808 817 2
808 818 3
808 819 2
808 821 1
809 815 2
809 816 3
809 817 2
809 821 3
809 822 1
809 823 1
810 817 2
810 818 2
810 820 3
810 823 1
811 814 3
811 815 2
811 816 2
811 818 1
811 821 2
811 822 3
811 823 2
812 814 1
812 815 3
812 817 3
812 820 1
812 822 3
812 823 3
813 816 3
813 818 3
813 819 2
813 820 2
813 821 1
813 822 2
