0 33 1.0 
0 38 2.0 
0 46 2.0 
0 49 1.0 
1 37 2.0 
1 39 1.0 
1 43 2.0 
2 31 2.0 
2 38 2.0 
3 39 2.0 
3 47 3.0 
3 48 1.0 
4 41 2.0 
4 45 3.0 
4 50 2.0 
5 40 2.0 
5 43 2.0 
5 44 1.0 
6 32 2.0 
6 44 2.0 
7 36 3.0 
7 37 1.0 
7 41 3.0 
7 45 1.0 
7 50 3.0 
8 34 2.0 
8 39 1.0 
9 32 2.0 
9 42 2.0 
10 37 3.0 
10 40 2.0 
10 42 3.0 
11 35 1.0 
11 47 2.0 
12 36 1.0 
12 39 1.0 
12 41 2.0 
12 50 2.0 
13 49 2.0 
14 50 2.0 
15 44 2.0 
15 46 1.0 
16 45 2.0 
17 32 1.0 
17 47 2.0 
18 31 2.0 
18 32 2.0 
18 35 2.0 
19 35 3.0 
19 39 1.0 
19 44 2.0 
20 40 2.0 
20 44 1.0 
21 36 3.0 
22 33 1.0 
22 38 3.0 
22 39 3.0 
22 41 1.0 
22 42 1.0 
22 45 2.0 
23 36 2.0 
23 37 2.0 
23 39 3.0 
23 40 1.0 
23 44 1.0 
23 46 2.0 
23 49 1.0 
24 49 2.0 
25 38 2.0 
25 45 2.0 
25 47 1.0 
26 43 3.0 
27 31 1.0 
28 36 1.0 
28 50 3.0 
29 37 2.0 
29 38 1.0 
29 46 2.0 
30 43 3.0 
31 51 2.0 
31 53 1.0 
31 56 2.0 
31 58 2.0 
31 60 3.0 
32 53 2.0 
32 56 3.0 
32 59 1.0 
33 52 2.0 
33 53 3.0 
33 55 2.0 
33 57 1.0 
33 59 1.0 
34 51 2.0 
35 51 3.0 
35 54 1.0 
35 58 1.0 
36 59 3.0 
37 52 3.0 
37 53 2.0 
37 58 1.0 
37 59 1.0 
38 53 1.0 
38 57 3.0 
38 58 1.0 
38 60 2.0 
39 53 2.0 
39 59 3.0 
40 51 3.0 
40 55 3.0 
40 60 3.0 
41 53 2.0 
41 54 1.0 
41 57 2.0 
41 60 3.0 
42 52 2.0 
42 53 3.0 
42 54 1.0 
42 55 2.0 
42 57 2.0 
42 58 1.0 
42 59 3.0 
43 52 3.0 
43 53 2.0 
43 55 1.0 
43 57 2.0 
44 52 1.0 
44 54 3.0 
45 53 2.0 
45 55 1.0 
45 56 3.0 
45 57 1.0 
45 60 1.0 
46 51 3.0 
46 53 2.0 
46 54 3.0 
46 55 1.0 
46 56 1.0 
46 60 3.0 
47 54 3.0 
47 57 1.0 
47 59 1.0 
48 55 1.0 
49 51 2.0 
49 52 3.0 
50 52 3.0 
50 55 2.0 
50 56 1.0 
51 61 1.0 
51 62 1.0 
51 63 1.0 
52 61 1.0 
52 62 3.0 
52 63 1.0 
52 64 3.0 
53 62 3.0 
54 61 3.0 
54 64 3.0 
55 63 1.0 
56 62 3.0 
56 63 3.0 
57 61 3.0 
57 63 1.0 
57 64 2.0 
58 61 1.0 
58 63 1.0 
59 61 1.0 
59 63 3.0 
60 61 3.0 
60 62 1.0 
60 63 1.0 
60 64 1.0 
