0 31 1.0 
0 33 2.0 
0 36 2.0 
0 38 2.0 
0 40 2.0 
0 46 2.0 
0 49 2.0 
1 31 2.0 
1 33 2.0 
1 35 2.0 
1 39 2.0 
2 31 3.0 
2 38 2.0 
2 44 2.0 
2 48 2.0 
3 35 2.0 
3 39 2.0 
3 40 2.0 
3 47 2.0 
3 48 2.0 
4 45 3.0 
4 50 2.0 
5 31 2.0 
5 33 2.0 
5 42 2.0 
5 43 2.0 
5 44 2.0 
5 45 2.0 
5 47 2.0 
6 32 2.0 
6 37 2.0 
6 42 2.0 
6 44 2.0 
6 45 2.0 
7 35 2.0 
7 36 2.0 
7 37 2.0 
7 45 1.0 
7 50 2.0 
8 34 2.0 
8 39 2.0 
8 45 1.0 
9 32 2.0 
9 42 2.0 
9 45 2.0 
10 37 2.0 
10 42 2.0 
11 32 2.0 
11 35 2.0 
11 47 2.0 
12 36 2.0 
12 39 2.0 
12 41 2.0 
12 50 2.0 
14 31 2.0 
14 49 2.0 
14 50 2.0 
15 44 2.0 
17 32 2.0 
17 34 2.0 
17 46 2.0 
18 31 2.0 
18 32 2.0 
19 35 2.0 
19 39 2.0 
19 44 2.0 
20 38 1.0 
20 44 2.0 
21 36 2.0 
21 38 2.0 
22 33 2.0 
22 39 2.0 
22 41 2.0 
22 42 2.0 
22 44 2.0 
22 45 2.0 
23 37 2.0 
23 39 2.0 
23 40 2.0 
23 44 2.0 
23 49 2.0 
24 38 2.0 
24 42 2.0 
24 45 2.0 
24 46 2.0 
25 47 2.0 
26 43 2.0 
27 31 2.0 
28 36 2.0 
28 38 2.0 
28 50 2.0 
29 37 2.0 
29 38 1.0 
29 46 2.0 
30 39 2.0 
30 43 2.0 
30 46 2.0 
31 53 2.0 
31 55 2.0 
31 56 3.0 
31 57 2.0 
31 58 2.0 
32 53 2.0 
32 56 2.0 
32 59 2.0 
33 53 2.0 
33 56 2.0 
33 59 1.0 
34 51 2.0 
34 53 2.0 
34 55 2.0 
35 51 3.0 
35 54 2.0 
35 55 2.0 
35 58 2.0 
36 58 2.0 
36 59 2.0 
37 52 2.0 
37 58 2.0 
37 59 2.0 
38 53 2.0 
38 55 3.0 
38 57 3.0 
38 58 1.0 
38 60 2.0 
39 56 2.0 
39 59 2.0 
40 51 2.0 
40 55 3.0 
40 60 2.0 
41 53 2.0 
41 54 2.0 
41 60 2.0 
42 51 2.0 
42 53 2.0 
42 54 1.0 
42 55 3.0 
42 57 2.0 
42 58 2.0 
42 59 2.0 
43 52 2.0 
43 55 2.0 
43 57 2.0 
44 52 2.0 
44 54 2.0 
44 57 3.0 
45 51 2.0 
45 56 3.0 
45 57 1.0 
45 59 2.0 
45 60 2.0 
46 51 2.0 
46 54 2.0 
46 55 2.0 
46 56 2.0 
46 60 3.0 
47 54 2.0 
47 57 2.0 
47 59 1.0 
48 52 2.0 
48 55 1.0 
48 56 2.0 
49 51 2.0 
49 52 2.0 
49 56 2.0 
50 52 2.0 
50 55 2.0 
50 56 2.0 
50 59 2.0 
51 61 1.0 
51 62 1.0 
51 63 1.0 
51 64 2.0 
52 61 2.0 
52 62 2.0 
52 63 2.0 
52 64 3.0 
53 62 2.0 
54 61 2.0 
54 64 3.0 
55 61 2.0 
55 62 1.0 
55 63 1.0 
56 61 1.0 
56 62 3.0 
56 63 3.0 
57 61 3.0 
57 62 3.0 
57 63 1.0 
58 61 1.0 
58 63 2.0 
59 61 1.0 
59 63 3.0 
59 64 2.0 
60 62 2.0 
