0 36 2.0 
0 38 2.0 
0 40 2.0 
0 47 2.0 
1 32 2.0 
1 45 2.0 
1 46 2.0 
1 50 2.0 
2 32 2.0 
2 33 2.0 
2 41 2.0 
2 47 2.0 
3 31 2.0 
3 32 2.0 
3 36 2.0 
3 45 2.0 
3 48 2.0 
3 50 2.0 
4 37 2.0 
4 39 2.0 
4 40 2.0 
5 36 2.0 
5 39 2.0 
5 40 2.0 
5 41 2.0 
5 46 2.0 
5 50 2.0 
6 37 2.0 
6 40 2.0 
6 45 2.0 
6 47 2.0 
7 36 3.0 
7 37 3.0 
7 40 2.0 
7 43 3.0 
7 48 3.0 
8 37 2.0 
8 39 3.0 
8 41 2.0 
8 43 1.0 
8 47 2.0 
8 49 2.0 
9 32 2.0 
9 33 2.0 
9 35 2.0 
9 36 2.0 
9 42 2.0 
9 45 2.0 
9 50 2.0 
10 35 2.0 
10 36 2.0 
10 40 2.0 
10 43 2.0 
10 46 2.0 
10 48 1.0 
11 35 2.0 
11 40 2.0 
12 31 2.0 
12 35 3.0 
12 36 2.0 
12 39 2.0 
12 48 2.0 
13 35 2.0 
13 36 2.0 
13 38 2.0 
13 39 2.0 
13 43 2.0 
13 47 2.0 
14 32 2.0 
14 35 2.0 
14 39 2.0 
14 42 2.0 
14 48 2.0 
15 32 2.0 
16 34 2.0 
16 38 3.0 
17 36 1.0 
17 41 2.0 
18 31 2.0 
18 36 2.0 
18 38 2.0 
18 43 2.0 
18 44 2.0 
18 46 2.0 
18 48 2.0 
18 50 2.0 
19 31 2.0 
19 36 2.0 
19 42 2.0 
19 45 2.0 
20 35 2.0 
20 36 2.0 
20 39 2.0 
20 42 2.0 
20 48 2.0 
21 34 2.0 
21 38 2.0 
21 39 2.0 
21 40 2.0 
21 50 3.0 
22 38 3.0 
22 41 2.0 
22 47 2.0 
22 49 2.0 
22 50 2.0 
23 35 2.0 
23 38 3.0 
23 39 2.0 
23 41 2.0 
23 43 2.0 
23 44 2.0 
23 49 2.0 
23 50 2.0 
24 36 2.0 
24 45 2.0 
24 46 2.0 
25 43 2.0 
25 45 2.0 
25 46 2.0 
25 48 2.0 
25 50 2.0 
26 47 2.0 
27 31 2.0 
27 33 2.0 
27 46 2.0 
28 31 2.0 
28 36 2.0 
28 44 2.0 
28 45 2.0 
28 46 2.0 
29 31 2.0 
29 32 2.0 
29 35 2.0 
29 36 2.0 
29 38 2.0 
29 45 2.0 
29 46 3.0 
30 31 2.0 
30 34 2.0 
30 45 3.0 
30 49 2.0 
31 52 3.0 
31 54 2.0 
31 58 3.0 
32 53 2.0 
32 54 3.0 
32 57 2.0 
33 52 2.0 
34 52 2.0 
34 60 2.0 
35 52 2.0 
35 53 3.0 
35 54 3.0 
36 51 2.0 
36 52 3.0 
36 56 3.0 
36 60 2.0 
37 51 2.0 
37 52 2.0 
37 56 3.0 
37 60 2.0 
38 55 2.0 
38 58 2.0 
38 60 3.0 
39 53 2.0 
39 54 2.0 
39 56 2.0 
39 57 2.0 
39 60 2.0 
40 56 3.0 
40 57 2.0 
40 60 2.0 
41 52 2.0 
41 59 2.0 
41 60 3.0 
42 51 2.0 
42 56 2.0 
42 60 2.0 
43 60 3.0 
44 53 2.0 
44 55 2.0 
44 56 2.0 
44 57 2.0 
45 52 3.0 
45 54 2.0 
45 56 3.0 
45 58 2.0 
46 52 2.0 
46 53 2.0 
46 56 2.0 
46 58 2.0 
47 53 2.0 
47 54 2.0 
47 57 2.0 
47 59 3.0 
48 53 2.0 
48 55 2.0 
48 56 3.0 
48 57 2.0 
48 59 2.0 
48 60 3.0 
49 53 2.0 
49 60 2.0 
50 52 2.0 
50 55 2.0 
50 60 3.0 
51 64 2.0 
52 61 2.0 
52 62 1.0 
52 64 3.0 
53 62 3.0 
53 64 2.0 
54 61 1.0 
54 62 3.0 
54 63 1.0 
56 61 3.0 
56 62 2.0 
56 63 1.0 
56 64 2.0 
58 61 2.0 
58 64 3.0 
59 63 2.0 
60 62 1.0 
60 63 3.0 
60 64 1.0 
