0 36 1.0 
0 38 3.0 
0 39 2.0 
0 40 3.0 
0 47 1.0 
0 49 1.0 
1 32 1.0 
1 33 2.0 
1 45 2.0 
1 46 1.0 
1 50 1.0 
2 32 3.0 
2 33 3.0 
2 34 2.0 
2 41 3.0 
2 46 2.0 
2 47 1.0 
3 31 1.0 
3 32 2.0 
3 45 1.0 
3 48 2.0 
3 50 3.0 
4 37 2.0 
4 39 2.0 
5 39 3.0 
5 40 3.0 
5 41 1.0 
5 44 2.0 
5 46 3.0 
5 50 1.0 
6 43 1.0 
6 45 1.0 
6 46 3.0 
6 47 1.0 
7 36 3.0 
7 43 3.0 
7 46 2.0 
7 48 2.0 
7 50 2.0 
8 32 2.0 
8 37 1.0 
8 39 3.0 
8 41 2.0 
8 43 1.0 
8 45 3.0 
8 47 3.0 
8 49 3.0 
9 33 2.0 
9 42 1.0 
9 43 2.0 
9 45 3.0 
9 50 3.0 
10 36 1.0 
10 38 2.0 
10 40 2.0 
10 43 3.0 
10 44 1.0 
10 46 3.0 
10 47 1.0 
10 48 1.0 
11 40 1.0 
12 36 1.0 
12 39 3.0 
12 47 2.0 
12 48 3.0 
12 50 2.0 
13 33 2.0 
13 36 3.0 
13 38 3.0 
13 39 2.0 
13 43 3.0 
13 47 3.0 
14 42 3.0 
14 48 2.0 
15 32 1.0 
16 34 3.0 
16 38 3.0 
17 36 1.0 
17 37 2.0 
17 40 2.0 
17 41 3.0 
17 47 2.0 
18 31 2.0 
18 35 2.0 
18 36 2.0 
18 38 3.0 
18 43 2.0 
18 44 1.0 
18 46 3.0 
18 48 2.0 
19 31 2.0 
19 42 1.0 
19 45 1.0 
19 50 1.0 
20 34 2.0 
20 36 2.0 
20 39 3.0 
20 42 2.0 
20 48 2.0 
21 34 3.0 
21 36 3.0 
21 39 3.0 
21 40 3.0 
21 43 2.0 
21 50 3.0 
22 37 2.0 
22 38 2.0 
22 47 1.0 
23 38 2.0 
23 39 3.0 
23 44 1.0 
23 49 3.0 
24 36 3.0 
24 43 2.0 
24 46 2.0 
25 43 2.0 
25 45 2.0 
25 46 2.0 
25 47 2.0 
25 48 1.0 
25 50 3.0 
26 47 1.0 
26 49 2.0 
27 31 3.0 
27 33 1.0 
27 46 2.0 
28 31 3.0 
28 36 2.0 
28 41 2.0 
28 43 3.0 
28 44 1.0 
28 46 3.0 
28 47 2.0 
29 31 3.0 
29 35 2.0 
29 38 2.0 
29 46 3.0 
30 45 3.0 
30 49 1.0 
31 56 1.0 
31 58 3.0 
31 59 2.0 
31 60 3.0 
32 57 1.0 
32 59 1.0 
33 52 1.0 
33 53 2.0 
34 55 2.0 
34 56 1.0 
34 60 1.0 
35 52 3.0 
35 53 3.0 
35 54 2.0 
36 51 3.0 
36 56 2.0 
36 57 1.0 
37 51 1.0 
37 52 2.0 
38 55 1.0 
38 58 2.0 
38 60 3.0 
39 57 2.0 
39 59 2.0 
41 59 3.0 
41 60 3.0 
42 51 1.0 
42 54 2.0 
42 56 3.0 
42 60 1.0 
44 53 1.0 
44 55 1.0 
44 56 3.0 
44 57 1.0 
45 56 3.0 
46 53 3.0 
46 56 2.0 
46 58 2.0 
46 60 2.0 
47 52 2.0 
47 57 1.0 
47 59 3.0 
48 51 2.0 
48 53 1.0 
48 55 3.0 
48 57 3.0 
48 59 3.0 
49 53 2.0 
50 52 1.0 
50 53 2.0 
50 55 3.0 
50 60 3.0 
52 62 1.0 
52 64 3.0 
53 61 2.0 
53 62 3.0 
55 61 1.0 
55 63 1.0 
56 62 1.0 
56 63 2.0 
59 63 2.0 
59 64 1.0 
60 64 1.0 
