0 36 2.0 
0 38 2.0 
0 40 2.0 
0 44 2.0 
0 48 2.0 
0 49 2.0 
1 31 2.0 
1 32 2.0 
1 33 2.0 
1 44 2.0 
1 47 3.0 
1 48 2.0 
1 50 2.0 
2 32 3.0 
2 33 2.0 
2 41 2.0 
2 42 2.0 
2 44 2.0 
2 47 1.0 
2 48 2.0 
3 31 2.0 
3 32 1.0 
3 33 2.0 
3 37 2.0 
3 43 2.0 
3 44 2.0 
3 45 2.0 
3 47 2.0 
3 48 3.0 
3 50 2.0 
4 31 2.0 
4 36 2.0 
4 37 2.0 
5 31 2.0 
5 32 2.0 
5 39 2.0 
5 40 2.0 
5 41 2.0 
5 42 2.0 
5 45 2.0 
5 46 2.0 
5 50 2.0 
6 31 3.0 
6 42 2.0 
6 43 2.0 
6 44 2.0 
6 45 1.0 
6 46 2.0 
6 47 1.0 
6 48 2.0 
6 49 2.0 
7 32 2.0 
7 33 2.0 
7 36 2.0 
7 43 2.0 
7 48 2.0 
8 32 2.0 
8 37 2.0 
8 39 2.0 
8 43 2.0 
8 47 2.0 
8 49 2.0 
9 33 2.0 
9 45 2.0 
9 48 2.0 
9 50 2.0 
10 36 2.0 
10 43 2.0 
10 44 2.0 
10 46 2.0 
10 47 2.0 
10 48 2.0 
11 31 2.0 
11 40 2.0 
11 45 2.0 
12 36 2.0 
12 39 2.0 
12 45 2.0 
12 47 2.0 
12 50 2.0 
13 31 2.0 
13 33 2.0 
13 36 2.0 
13 38 2.0 
13 44 2.0 
13 45 2.0 
13 48 2.0 
14 47 2.0 
14 48 2.0 
15 32 2.0 
16 32 2.0 
16 34 2.0 
16 38 2.0 
17 32 2.0 
17 36 2.0 
17 40 2.0 
17 41 2.0 
18 31 2.0 
18 32 2.0 
18 38 2.0 
18 44 2.0 
18 46 2.0 
18 47 2.0 
19 31 2.0 
19 42 2.0 
19 45 2.0 
20 36 2.0 
20 39 2.0 
20 42 2.0 
20 47 2.0 
21 34 2.0 
21 39 2.0 
21 40 2.0 
21 50 2.0 
22 47 2.0 
23 33 2.0 
23 39 2.0 
23 44 2.0 
23 45 2.0 
23 49 2.0 
24 36 2.0 
24 46 2.0 
24 47 2.0 
25 45 2.0 
25 46 2.0 
25 48 2.0 
25 50 2.0 
26 47 2.0 
27 31 2.0 
27 33 2.0 
27 47 2.0 
28 31 2.0 
28 44 2.0 
28 46 2.0 
28 48 2.0 
29 31 2.0 
29 32 2.0 
29 46 2.0 
29 47 2.0 
30 32 2.0 
30 44 2.0 
30 47 2.0 
31 51 2.0 
31 54 2.0 
31 56 1.0 
31 58 3.0 
31 60 2.0 
32 51 2.0 
32 56 2.0 
32 58 3.0 
32 59 1.0 
32 60 1.0 
33 56 2.0 
33 58 3.0 
33 59 2.0 
33 60 2.0 
34 60 2.0 
35 52 2.0 
35 53 2.0 
36 51 2.0 
36 57 2.0 
36 58 2.0 
36 60 2.0 
37 58 3.0 
37 60 2.0 
38 55 2.0 
38 58 2.0 
38 60 2.0 
39 57 2.0 
40 59 2.0 
41 59 2.0 
41 60 2.0 
42 56 3.0 
42 60 2.0 
43 59 2.0 
43 60 2.0 
44 53 2.0 
44 55 2.0 
44 56 3.0 
44 59 3.0 
44 60 2.0 
45 56 3.0 
45 58 2.0 
46 53 2.0 
46 58 2.0 
47 56 3.0 
47 57 2.0 
47 59 3.0 
47 60 2.0 
48 51 2.0 
48 53 2.0 
48 55 2.0 
48 56 2.0 
48 57 2.0 
48 58 2.0 
48 59 3.0 
48 60 3.0 
49 56 2.0 
49 58 2.0 
50 55 2.0 
50 60 2.0 
51 62 2.0 
51 64 2.0 
52 62 2.0 
52 64 2.0 
53 62 2.0 
54 63 2.0 
56 61 2.0 
56 62 1.0 
56 63 3.0 
56 64 2.0 
58 61 1.0 
58 62 3.0 
58 63 2.0 
59 61 3.0 
59 62 2.0 
59 63 1.0 
59 64 3.0 
60 61 3.0 
60 64 1.0 
