0 38 2 
0 43 2 
0 44 2 
0 46 2 
1 34 2 
1 42 2 
1 45 2 
2 31 2 
2 33 2 
2 34 2 
2 35 2 
2 37 2 
2 43 2 
3 35 2 
3 39 2 
3 40 2 
3 41 2 
3 42 2 
3 43 2 
3 48 2 
3 49 2 
4 31 2 
4 38 2 
4 40 2 
4 48 2 
5 48 2 
6 31 2 
6 35 3 
6 43 2 
6 45 2 
6 47 2 
7 32 2 
7 34 2 
7 35 3 
7 37 2 
7 38 3 
7 41 2 
7 47 2 
7 48 3 
8 32 2 
8 33 2 
8 36 2 
8 41 2 
8 43 2 
8 49 2 
8 50 2 
9 39 2 
9 41 2 
10 31 2 
10 37 2 
10 38 2 
10 44 2 
10 47 2 
10 48 2 
11 36 2 
11 39 2 
11 43 2 
12 37 2 
12 42 2 
12 44 2 
12 45 2 
12 47 2 
13 33 2 
13 44 2 
13 45 3 
13 47 2 
14 34 2 
14 37 2 
14 43 2 
14 44 2 
14 45 2 
14 46 2 
14 47 2 
15 32 2 
15 34 2 
15 44 2 
15 45 2 
15 47 2 
16 32 2 
16 38 2 
16 41 2 
17 35 2 
17 36 2 
17 37 2 
17 39 2 
17 43 2 
18 33 2 
18 36 2 
18 49 2 
19 42 2 
19 43 2 
19 44 2 
19 46 2 
19 48 2 
19 49 2 
20 36 2 
20 40 2 
20 42 2 
20 48 2 
21 31 2 
21 36 3 
21 39 2 
21 48 2 
22 36 3 
23 32 2 
23 35 2 
23 36 3 
23 41 2 
23 42 2 
23 47 2 
24 34 2 
24 43 2 
26 34 2 
26 35 2 
26 37 2 
26 39 2 
26 45 2 
27 34 2 
27 35 2 
27 46 2 
27 49 2 
27 50 2 
28 32 2 
28 34 2 
28 35 2 
28 38 2 
28 39 2 
28 44 2 
28 45 2 
29 34 2 
29 35 1 
29 36 2 
29 38 2 
29 39 2 
29 40 2 
29 44 2 
29 45 2 
29 48 2 
29 50 2 
30 34 2 
30 35 2 
30 36 2 
30 38 3 
30 39 2 
30 50 2 
31 51 2 
31 53 2 
31 58 2 
32 54 3 
32 55 2 
32 56 2 
33 54 2 
34 51 3 
34 52 2 
34 55 2 
35 51 3 
35 53 3 
35 57 3 
36 53 3 
36 54 2 
36 55 3 
36 56 2 
37 54 2 
37 57 2 
37 59 2 
38 51 3 
38 59 2 
39 51 3 
39 60 2 
40 55 2 
41 52 2 
41 53 2 
41 57 2 
42 53 2 
42 55 2 
43 54 2 
43 57 2 
44 53 2 
44 54 2 
44 57 3 
44 58 2 
45 52 2 
45 54 3 
45 55 2 
45 57 3 
45 58 2 
46 57 2 
46 58 2 
47 53 2 
47 54 2 
47 56 2 
47 57 3 
48 51 3 
48 53 3 
48 56 2 
48 59 2 
48 60 2 
49 59 2 
50 51 3 
51 61 2 
51 62 1 
51 63 1 
51 64 3 
52 64 2 
53 61 3 
53 62 1 
53 63 3 
53 64 1 
54 61 1 
54 62 3 
54 63 2 
55 61 1 
55 63 2 
55 64 2 
56 63 2 
56 64 1 
57 62 3 
57 63 1 
57 64 1 
58 64 2 
