1 33 1 
1 45 1 
1 49 1 
2 45 1 
2 46 1 
2 48 1 
2 51 1 
3 51 1 
4 35 1 
4 40 1 
4 50 1 
5 37 1 
5 39 1 
5 41 1 
5 44 1 
5 49 1 
6 36 1 
6 47 1 
7 36 1 
7 39 1 
7 43 1 
7 46 1 
8 37 1 
8 39 1 
9 38 1 
9 40 1 
9 42 1 
9 46 1 
10 37 1 
10 39 1 
10 40 1 
10 44 1 
11 36 1 
11 44 1 
12 37 1 
13 37 1 
13 43 1 
13 45 1 
14 39 1 
14 40 1 
15 35 1 
15 37 1 
15 39 1 
15 40 1 
15 45 1 
16 35 1 
16 37 1 
16 39 1 
16 40 1 
16 42 1 
16 46 1 
16 49 1 
16 50 1 
16 51 1 
17 32 1 
17 37 1 
17 38 1 
17 39 1 
17 40 1 
18 32 1 
18 40 1 
18 44 1 
18 51 1 
19 35 1 
19 36 1 
19 38 1 
19 39 1 
19 49 1 
20 39 1 
20 42 1 
21 40 1 
21 46 1 
22 35 1 
22 48 1 
22 49 1 
23 40 1 
23 41 1 
23 49 1 
24 36 1 
24 37 1 
24 39 1 
24 50 1 
25 34 1 
25 35 1 
25 39 1 
25 44 1 
25 46 1 
26 33 1 
26 35 1 
26 37 1 
26 40 1 
26 46 1 
26 49 1 
26 50 1 
27 36 1 
27 42 1 
27 45 1 
28 33 1 
28 40 1 
28 43 1 
29 34 1 
29 35 1 
29 42 1 
29 46 1 
29 47 1 
29 48 1 
30 34 1 
30 42 1 
30 44 1 
31 40 1 
31 42 1 
31 46 1 
32 59 1 
33 55 1 
34 52 1 
34 54 1 
34 60 1 
35 52 1 
35 53 1 
35 56 1 
35 61 1 
36 52 1 
36 53 1 
36 56 1 
36 60 1 
37 52 1 
37 53 1 
37 54 1 
37 56 1 
37 59 1 
37 61 1 
38 57 1 
38 60 1 
39 52 1 
39 53 1 
39 54 1 
39 59 1 
39 60 1 
39 61 1 
40 53 1 
40 54 1 
40 55 1 
40 61 1 
41 53 1 
41 54 1 
42 53 1 
42 58 1 
42 59 1 
43 56 1 
43 60 1 
44 53 1 
44 54 1 
44 56 1 
44 60 1 
44 61 1 
45 52 1 
45 54 1 
45 59 1 
45 60 1 
46 52 1 
46 53 1 
46 54 1 
46 57 1 
46 59 1 
47 59 1 
48 59 1 
48 61 1 
49 53 1 
49 54 1 
49 58 1 
49 59 1 
49 60 1 
50 59 1 
50 61 1 
51 56 1 
51 60 1 
52 62 1 
52 64 1 
52 68 1 
52 71 1 
52 72 1 
52 73 1 
52 74 1 
52 76 1 
52 77 1 
53 63 1 
53 65 1 
53 66 1 
53 67 1 
53 70 1 
53 74 1 
53 75 1 
54 62 1 
54 63 1 
54 64 1 
54 66 1 
54 69 1 
54 70 1 
54 72 1 
54 77 1 
55 69 1 
55 72 1 
55 76 1 
56 62 1 
56 65 1 
56 66 1 
56 70 1 
56 71 1 
56 73 1 
57 62 1 
57 68 1 
57 74 1 
58 70 1 
58 72 1 
58 74 1 
59 63 1 
59 64 1 
59 65 1 
59 68 1 
59 72 1 
59 73 1 
59 76 1 
59 77 1 
60 62 1 
60 64 1 
60 66 1 
60 67 1 
60 68 1 
60 69 1 
60 70 1 
60 71 1 
60 73 1 
60 74 1 
60 75 1 
60 77 1 
61 63 1 
61 64 1 
61 65 1 
61 67 1 
61 68 1 
61 69 1 
61 70 1 
61 72 1 
61 73 1 
61 74 1 
61 75 1 
