0 31 4 5 4 
0 32 4 5 4 
0 33 4 4 3 
0 34 4 4 4 
0 35 4 8 4 
0 36 4 3 6 
0 37 4 4 4 
0 38 4 5 4 
0 39 4 4 4 
0 40 4 2 4 
0 41 4 5 4 
0 42 4 3 4 
0 43 4 6 3 
0 44 4 4 4 
0 45 4 5 4 
0 46 4 3 4 
0 47 4 6 4 
0 48 4 6 4 
0 49 4 4 4 
0 50 4 3 1 
1 31 4 5 4 
1 32 4 5 4 
1 33 4 4 4 
1 34 4 4 5 
1 35 4 8 4 
1 36 4 3 4 
1 37 4 4 4 
1 38 4 5 4 
1 39 4 4 4 
1 40 4 2 4 
1 41 4 5 4 
1 42 4 3 3 
1 43 4 6 4 
1 44 4 4 4 
1 45 4 5 4 
1 46 4 3 4 
1 47 4 6 5 
1 48 4 6 4 
1 49 4 4 3 
1 50 4 3 4 
2 31 4 5 3 
2 32 4 5 4 
2 33 4 4 4 
2 34 4 4 4 
2 35 4 8 4 
2 36 4 3 4 
2 37 4 4 4 
2 38 4 5 4 
2 39 4 4 4 
2 40 4 2 4 
2 41 4 5 4 
2 42 4 3 4 
2 43 4 6 4 
2 44 4 4 4 
2 45 4 5 5 
2 46 4 3 4 
2 47 4 6 4 
2 48 4 6 4 
2 49 4 4 4 
2 50 4 3 4 
3 31 4 5 4 
3 32 4 5 5 
3 33 4 4 4 
3 34 4 4 4 
3 35 4 8 4 
3 36 4 3 4 
3 37 4 4 4 
3 38 4 5 3 
3 39 4 4 5 
3 40 4 2 4 
3 41 4 5 5 
3 42 4 3 4 
3 43 4 6 3 
3 44 4 4 4 
3 45 4 5 4 
3 46 4 3 4 
3 47 4 6 4 
3 48 4 6 4 
3 49 4 4 4 
3 50 4 3 4 
4 31 4 5 4 
4 32 4 5 5 
4 33 4 4 3 
4 34 4 4 4 
4 35 4 8 5 
4 36 4 3 4 
4 37 4 4 4 
4 38 4 5 4 
4 39 4 4 4 
4 40 4 2 3 
4 41 4 5 4 
4 42 4 3 5 
4 43 4 6 4 
4 44 4 4 4 
4 45 4 5 4 
4 46 4 3 4 
4 47 4 6 4 
4 48 4 6 4 
4 49 4 4 4 
4 50 4 3 4 
5 31 4 5 4 
5 32 4 5 5 
5 33 4 4 4 
5 34 4 4 4 
5 35 4 8 4 
5 36 4 3 4 
5 37 4 4 4 
5 38 4 5 4 
5 39 4 4 2 
5 40 4 2 4 
5 41 4 5 4 
5 42 4 3 4 
5 43 4 6 4 
5 44 4 4 4 
5 45 4 5 5 
5 46 4 3 4 
5 47 4 6 4 
5 48 4 6 2 
5 49 4 4 4 
5 50 4 3 3 
6 31 4 5 3 
6 32 4 5 4 
6 33 4 4 4 
6 34 4 4 4 
6 35 4 8 4 
6 36 4 3 4 
6 37 4 4 4 
6 38 4 5 4 
6 39 4 4 3 
6 40 4 2 4 
6 41 4 5 3 
6 42 4 3 4 
6 43 4 6 4 
6 44 4 4 4 
6 45 4 5 3 
6 46 4 3 4 
6 47 4 6 4 
6 48 4 6 4 
6 49 4 4 4 
6 50 4 3 4 
7 31 4 5 4 
7 32 4 5 4 
7 33 4 4 4 
7 34 4 4 2 
7 35 4 8 4 
7 36 4 3 4 
7 37 4 4 4 
7 38 4 5 4 
7 39 4 4 4 
7 40 4 2 4 
7 41 4 5 4 
7 42 4 3 4 
7 43 4 6 4 
7 44 4 4 3 
7 45 4 5 4 
7 46 4 3 4 
7 47 4 6 5 
7 48 4 6 4 
7 49 4 4 3 
7 50 4 3 3 
8 31 4 5 4 
8 32 4 5 4 
8 33 4 4 4 
8 34 4 4 4 
8 35 4 8 4 
8 36 4 3 4 
8 37 4 4 4 
8 38 4 5 4 
8 39 4 4 4 
8 40 4 2 4 
8 41 4 5 4 
8 42 4 3 5 
8 43 4 6 5 
8 44 4 4 4 
8 45 4 5 4 
8 46 4 3 4 
8 47 4 6 4 
8 48 4 6 4 
8 49 4 4 5 
8 50 4 3 4 
9 31 4 5 4 
9 32 4 5 4 
9 33 4 4 4 
9 34 4 4 5 
9 35 4 8 4 
9 36 4 3 5 
9 37 4 4 4 
9 38 4 5 4 
9 39 4 4 3 
9 40 4 2 4 
9 41 4 5 5 
9 42 4 3 5 
9 43 4 6 4 
9 44 4 4 4 
9 45 4 5 4 
9 46 4 3 4 
9 47 4 6 5 
9 48 4 6 4 
9 49 4 4 4 
9 50 4 3 4 
10 31 4 5 4 
10 32 4 5 4 
10 33 4 4 4 
10 34 4 4 4 
10 35 4 8 4 
10 36 4 3 4 
10 37 4 4 4 
10 38 4 5 3 
10 39 4 4 4 
10 40 4 2 4 
10 41 4 5 4 
10 42 4 3 4 
10 43 4 6 5 
10 44 4 4 3 
10 45 4 5 4 
10 46 4 3 4 
10 47 4 6 2 
10 48 4 6 3 
10 49 4 4 2 
10 50 4 3 4 
11 31 4 5 4 
11 32 4 5 4 
11 33 4 4 4 
11 34 4 4 5 
11 35 4 8 4 
11 36 4 3 4 
11 37 4 4 6 
11 38 4 5 5 
11 39 4 4 4 
11 40 4 2 4 
11 41 4 5 4 
11 42 4 3 4 
11 43 4 6 4 
11 44 4 4 4 
11 45 4 5 4 
11 46 4 3 4 
11 47 4 6 4 
11 48 4 6 4 
11 49 4 4 4 
11 50 4 3 4 
12 31 4 5 4 
12 32 4 5 3 
12 33 4 4 4 
12 34 4 4 4 
12 35 4 8 2 
12 36 4 3 4 
12 37 4 4 4 
12 38 4 5 4 
12 39 4 4 4 
12 40 4 2 4 
12 41 4 5 4 
12 42 4 3 4 
12 43 4 6 5 
12 44 4 4 4 
12 45 4 5 4 
12 46 4 3 4 
12 47 4 6 5 
12 48 4 6 4 
12 49 4 4 4 
12 50 4 3 4 
13 31 4 5 4 
13 32 4 5 5 
13 33 4 4 4 
13 34 4 4 4 
13 35 4 8 4 
13 36 4 3 4 
13 37 4 4 4 
13 38 4 5 4 
13 39 4 4 4 
13 40 4 2 4 
13 41 4 5 3 
13 42 4 3 4 
13 43 4 6 4 
13 44 4 4 4 
13 45 4 5 4 
13 46 4 3 4 
13 47 4 6 4 
13 48 4 6 4 
13 49 4 4 4 
13 50 4 3 4 
14 31 4 5 3 
14 32 4 5 4 
14 33 4 4 4 
14 34 4 4 4 
14 35 4 8 4 
14 36 4 3 4 
14 37 4 4 3 
14 38 4 5 4 
14 39 4 4 4 
14 40 4 2 4 
14 41 4 5 4 
14 42 4 3 4 
14 43 4 6 4 
14 44 4 4 3 
14 45 4 5 4 
14 46 4 3 4 
14 47 4 6 4 
14 48 4 6 2 
14 49 4 4 4 
14 50 4 3 4 
15 31 4 5 3 
15 32 4 5 4 
15 33 4 4 2 
15 34 4 4 4 
15 35 4 8 4 
15 36 4 3 3 
15 37 4 4 4 
15 38 4 5 4 
15 39 4 4 3 
15 40 4 2 5 
15 41 4 5 5 
15 42 4 3 4 
15 43 4 6 4 
15 44 4 4 4 
15 45 4 5 4 
15 46 4 3 4 
15 47 4 6 4 
15 48 4 6 4 
15 49 4 4 4 
15 50 4 3 4 
16 31 4 5 4 
16 32 4 5 4 
16 33 4 4 4 
16 34 4 4 5 
16 35 4 8 4 
16 36 4 3 4 
16 37 4 4 4 
16 38 4 5 3 
16 39 4 4 4 
16 40 4 2 5 
16 41 4 5 4 
16 42 4 3 4 
16 43 4 6 4 
16 44 4 4 4 
16 45 4 5 4 
16 46 4 3 6 
16 47 4 6 3 
16 48 4 6 4 
16 49 4 4 4 
16 50 4 3 4 
17 31 4 5 4 
17 32 4 5 4 
17 33 4 4 4 
17 34 4 4 4 
17 35 4 8 5 
17 36 4 3 5 
17 37 4 4 6 
17 38 4 5 4 
17 39 4 4 4 
17 40 4 2 5 
17 41 4 5 4 
17 42 4 3 4 
17 43 4 6 4 
17 44 4 4 4 
17 45 4 5 4 
17 46 4 3 4 
17 47 4 6 4 
17 48 4 6 4 
17 49 4 4 4 
17 50 4 3 5 
18 31 4 5 5 
18 32 4 5 4 
18 33 4 4 4 
18 34 4 4 4 
18 35 4 8 4 
18 36 4 3 4 
18 37 4 4 4 
18 38 4 5 4 
18 39 4 4 4 
18 40 4 2 5 
18 41 4 5 4 
18 42 4 3 3 
18 43 4 6 6 
18 44 4 4 4 
18 45 4 5 4 
18 46 4 3 4 
18 47 4 6 4 
18 48 4 6 4 
18 49 4 4 4 
18 50 4 3 4 
19 31 4 5 4 
19 32 4 5 3 
19 33 4 4 4 
19 34 4 4 4 
19 35 4 8 4 
19 36 4 3 4 
19 37 4 4 4 
19 38 4 5 3 
19 39 4 4 4 
19 40 4 2 4 
19 41 4 5 4 
19 42 4 3 4 
19 43 4 6 4 
19 44 4 4 6 
19 45 4 5 4 
19 46 4 3 4 
19 47 4 6 4 
19 48 4 6 3 
19 49 4 4 3 
19 50 4 3 4 
20 31 4 5 4 
20 32 4 5 3 
20 33 4 4 5 
20 34 4 4 4 
20 35 4 8 5 
20 36 4 3 4 
20 37 4 4 4 
20 38 4 5 4 
20 39 4 4 4 
20 40 4 2 4 
20 41 4 5 4 
20 42 4 3 5 
20 43 4 6 5 
20 44 4 4 4 
20 45 4 5 3 
20 46 4 3 5 
20 47 4 6 4 
20 48 4 6 4 
20 49 4 4 4 
20 50 4 3 4 
21 31 4 5 4 
21 32 4 5 4 
21 33 4 4 4 
21 34 4 4 6 
21 35 4 8 4 
21 36 4 3 3 
21 37 4 4 4 
21 38 4 5 4 
21 39 4 4 4 
21 40 4 2 4 
21 41 4 5 3 
21 42 4 3 5 
21 43 4 6 4 
21 44 4 4 4 
21 45 4 5 3 
21 46 4 3 4 
21 47 4 6 4 
21 48 4 6 4 
21 49 4 4 4 
21 50 4 3 4 
22 31 4 5 4 
22 32 4 5 4 
22 33 4 4 3 
22 34 4 4 3 
22 35 4 8 3 
22 36 4 3 4 
22 37 4 4 4 
22 38 4 5 5 
22 39 4 4 4 
22 40 4 2 4 
22 41 4 5 4 
22 42 4 3 4 
22 43 4 6 4 
22 44 4 4 4 
22 45 4 5 3 
22 46 4 3 4 
22 47 4 6 4 
22 48 4 6 5 
22 49 4 4 4 
22 50 4 3 4 
23 31 4 5 4 
23 32 4 5 4 
23 33 4 4 4 
23 34 4 4 4 
23 35 4 8 4 
23 36 4 3 5 
23 37 4 4 4 
23 38 4 5 4 
23 39 4 4 4 
23 40 4 2 4 
23 41 4 5 2 
23 42 4 3 5 
23 43 4 6 4 
23 44 4 4 3 
23 45 4 5 5 
23 46 4 3 4 
23 47 4 6 4 
23 48 4 6 4 
23 49 4 4 4 
23 50 4 3 4 
24 31 4 5 6 
24 32 4 5 3 
24 33 4 4 4 
24 34 4 4 4 
24 35 4 8 4 
24 36 4 3 4 
24 37 4 4 4 
24 38 4 5 3 
24 39 4 4 3 
24 40 4 2 4 
24 41 4 5 4 
24 42 4 3 4 
24 43 4 6 4 
24 44 4 4 3 
24 45 4 5 4 
24 46 4 3 4 
24 47 4 6 4 
24 48 4 6 4 
24 49 4 4 4 
24 50 4 3 5 
25 31 4 5 4 
25 32 4 5 4 
25 33 4 4 4 
25 34 4 4 4 
25 35 4 8 4 
25 36 4 3 3 
25 37 4 4 4 
25 38 4 5 4 
25 39 4 4 4 
25 40 4 2 4 
25 41 4 5 4 
25 42 4 3 4 
25 43 4 6 4 
25 44 4 4 4 
25 45 4 5 4 
25 46 4 3 4 
25 47 4 6 4 
25 48 4 6 4 
25 49 4 4 3 
25 50 4 3 4 
26 31 4 5 4 
26 32 4 5 4 
26 33 4 4 4 
26 34 4 4 5 
26 35 4 8 5 
26 36 4 3 5 
26 37 4 4 4 
26 38 4 5 4 
26 39 4 4 3 
26 40 4 2 3 
26 41 4 5 4 
26 42 4 3 4 
26 43 4 6 4 
26 44 4 4 4 
26 45 4 5 4 
26 46 4 3 2 
26 47 4 6 4 
26 48 4 6 5 
26 49 4 4 4 
26 50 4 3 4 
27 31 4 5 4 
27 32 4 5 3 
27 33 4 4 4 
27 34 4 4 4 
27 35 4 8 4 
27 36 4 3 4 
27 37 4 4 4 
27 38 4 5 3 
27 39 4 4 4 
27 40 4 2 4 
27 41 4 5 4 
27 42 4 3 5 
27 43 4 6 4 
27 44 4 4 4 
27 45 4 5 4 
27 46 4 3 4 
27 47 4 6 3 
27 48 4 6 5 
27 49 4 4 4 
27 50 4 3 4 
28 31 4 5 4 
28 32 4 5 4 
28 33 4 4 4 
28 34 4 4 4 
28 35 4 8 4 
28 36 4 3 4 
28 37 4 4 4 
28 38 4 5 3 
28 39 4 4 5 
28 40 4 2 4 
28 41 4 5 4 
28 42 4 3 4 
28 43 4 6 5 
28 44 4 4 4 
28 45 4 5 4 
28 46 4 3 5 
28 47 4 6 4 
28 48 4 6 4 
28 49 4 4 4 
28 50 4 3 4 
29 31 4 5 4 
29 32 4 5 4 
29 33 4 4 3 
29 34 4 4 4 
29 35 4 8 5 
29 36 4 3 4 
29 37 4 4 2 
29 38 4 5 4 
29 39 4 4 4 
29 40 4 2 5 
29 41 4 5 4 
29 42 4 3 4 
29 43 4 6 4 
29 44 4 4 4 
29 45 4 5 5 
29 46 4 3 4 
29 47 4 6 4 
29 48 4 6 4 
29 49 4 4 4 
29 50 4 3 4 
30 31 4 5 4 
30 32 4 5 4 
30 33 4 4 4 
30 34 4 4 4 
30 35 4 8 4 
30 36 4 3 4 
30 37 4 4 4 
30 38 4 5 4 
30 39 4 4 4 
30 40 4 2 3 
30 41 4 5 4 
30 42 4 3 3 
30 43 4 6 4 
30 44 4 4 5 
30 45 4 5 4 
30 46 4 3 5 
30 47 4 6 3 
30 48 4 6 4 
30 49 4 4 4 
30 50 4 3 4 
31 51 5 7 4 
31 52 5 4 4 
31 53 5 6 4 
31 54 5 4 4 
31 55 5 2 4 
31 56 5 2 5 
31 57 5 4 7 
31 58 5 1 4 
31 59 5 4 4 
31 60 5 1 3 
32 51 5 7 5 
32 52 5 4 5 
32 53 5 6 4 
32 54 5 4 5 
32 55 5 2 4 
32 56 5 2 4 
32 57 5 4 4 
32 58 5 1 4 
32 59 5 4 4 
32 60 5 1 4 
33 51 4 7 4 
33 52 4 4 4 
33 53 4 6 1 
33 54 4 4 4 
33 55 4 2 3 
33 56 4 2 4 
33 57 4 4 4 
33 58 4 1 4 
33 59 4 4 4 
33 60 4 1 4 
34 51 4 7 4 
34 52 4 4 4 
34 53 4 6 4 
34 54 4 4 4 
34 55 4 2 5 
34 56 4 2 5 
34 57 4 4 4 
34 58 4 1 5 
34 59 4 4 4 
34 60 4 1 4 
35 51 8 7 4 
35 52 8 4 2 
35 53 8 6 4 
35 54 8 4 4 
35 55 8 2 4 
35 56 8 2 4 
35 57 8 4 4 
35 58 8 1 4 
35 59 8 4 2 
35 60 8 1 4 
36 51 3 7 3 
36 52 3 4 5 
36 53 3 6 4 
36 54 3 4 4 
36 55 3 2 4 
36 56 3 2 4 
36 57 3 4 4 
36 58 3 1 6 
36 59 3 4 4 
36 60 3 1 5 
37 51 4 7 5 
37 52 4 4 4 
37 53 4 6 3 
37 54 4 4 4 
37 55 4 2 5 
37 56 4 2 3 
37 57 4 4 6 
37 58 4 1 4 
37 59 4 4 4 
37 60 4 1 4 
38 51 5 7 4 
38 52 5 4 4 
38 53 5 6 4 
38 54 5 4 3 
38 55 5 2 5 
38 56 5 2 5 
38 57 5 4 4 
38 58 5 1 4 
38 59 5 4 4 
38 60 5 1 3 
39 51 4 7 4 
39 52 4 4 5 
39 53 4 6 4 
39 54 4 4 4 
39 55 4 2 5 
39 56 4 2 4 
39 57 4 4 4 
39 58 4 1 3 
39 59 4 4 3 
39 60 4 1 6 
40 51 2 7 4 
40 52 2 4 2 
40 53 2 6 4 
40 54 2 4 4 
40 55 2 2 4 
40 56 2 2 3 
40 57 2 4 4 
40 58 2 1 4 
40 59 2 4 4 
40 60 2 1 4 
41 51 5 7 4 
41 52 5 4 3 
41 53 5 6 4 
41 54 5 4 6 
41 55 5 2 4 
41 56 5 2 4 
41 57 5 4 5 
41 58 5 1 4 
41 59 5 4 4 
41 60 5 1 4 
42 51 3 7 4 
42 52 3 4 4 
42 53 3 6 3 
42 54 3 4 4 
42 55 3 2 5 
42 56 3 2 5 
42 57 3 4 5 
42 58 3 1 6 
42 59 3 4 4 
42 60 3 1 4 
43 51 6 7 4 
43 52 6 4 4 
43 53 6 6 4 
43 54 6 4 4 
43 55 6 2 6 
43 56 6 2 4 
43 57 6 4 4 
43 58 6 1 4 
43 59 6 4 6 
43 60 6 1 4 
44 51 4 7 5 
44 52 4 4 4 
44 53 4 6 4 
44 54 4 4 3 
44 55 4 2 4 
44 56 4 2 2 
44 57 4 4 4 
44 58 4 1 5 
44 59 4 4 6 
44 60 4 1 4 
45 51 5 7 3 
45 52 5 4 4 
45 53 5 6 4 
45 54 5 4 4 
45 55 5 2 4 
45 56 5 2 4 
45 57 5 4 4 
45 58 5 1 3 
45 59 5 4 4 
45 60 5 1 4 
46 51 3 7 5 
46 52 3 4 3 
46 53 3 6 4 
46 54 3 4 4 
46 55 3 2 4 
46 56 3 2 4 
46 57 3 4 5 
46 58 3 1 4 
46 59 3 4 4 
46 60 3 1 6 
47 51 6 7 4 
47 52 6 4 4 
47 53 6 6 4 
47 54 6 4 4 
47 55 6 2 4 
47 56 6 2 4 
47 57 6 4 4 
47 58 6 1 4 
47 59 6 4 3 
47 60 6 1 4 
48 51 6 7 3 
48 52 6 4 4 
48 53 6 6 6 
48 54 6 4 4 
48 55 6 2 4 
48 56 6 2 4 
48 57 6 4 4 
48 58 6 1 4 
48 59 6 4 4 
48 60 6 1 4 
49 51 4 7 4 
49 52 4 4 4 
49 53 4 6 4 
49 54 4 4 4 
49 55 4 2 4 
49 56 4 2 6 
49 57 4 4 4 
49 58 4 1 3 
49 59 4 4 4 
49 60 4 1 6 
50 51 3 7 5 
50 52 3 4 4 
50 53 3 6 4 
50 54 3 4 3 
50 55 3 2 5 
50 56 3 2 4 
50 57 3 4 4 
50 58 3 1 4 
50 59 3 4 4 
50 60 3 1 4 
51 61 7 5 2 
51 62 7 5 4 
51 63 7 6 4 
51 64 7 5 4 
52 61 4 5 4 
52 62 4 5 7 
52 63 4 6 4 
52 64 4 5 4 
53 61 6 5 2 
53 62 6 5 4 
53 63 6 6 5 
53 64 6 5 4 
54 61 4 5 2 
54 62 4 5 4 
54 63 4 6 5 
54 64 4 5 4 
55 61 2 5 5 
55 62 2 5 4 
55 63 2 6 4 
55 64 2 5 4 
56 61 2 5 2 
56 62 2 5 4 
56 63 2 6 4 
56 64 2 5 4 
57 61 4 5 4 
57 62 4 5 4 
57 63 4 6 4 
57 64 4 5 1 
58 61 1 5 4 
58 62 1 5 6 
58 63 1 6 4 
58 64 1 5 1 
59 61 4 5 2 
59 62 4 5 4 
59 63 4 6 3 
59 64 4 5 2 
60 61 1 5 4 
60 62 1 5 6 
60 63 1 6 1 
60 64 1 5 4 
