
   Summary motif results
   =====================
mfinder Version 1.20

MOTIF FINDER RESULTS:

	Network name: inputGraph.txt
	Network type: Directed
	Num of Nodes: 77 Num of Edges: 246
	Num of Nodes with edges: 76
	Maximal out degree (out-hub) : 11
	Maximal in degree (in-hub) : 15
	Roots num: 31 Leaves num: 16
	Single Edges num: 246 Mutual Edges num: 0

	Motif size searched  4
	Total number of 4-node subgraphs : 22019
	Number of random networks generated : 100
	Random networks generation method: Switches
	Num of Switches range: 100.0-200.0, Success switches Ratio:0.644+-0.00

The following motifs were found:

Criteria taken : Nreal Zscore > 2.00
                 Pval ignored (due to small number of random networks)
                 Mfactor > 1.10
                 Uniqueness >= 4



	Full list includes 9 motifs
MOTIF	NREAL	NRAND		NREAL	NREAL	UNIQ	CREAL
ID		STATS		ZSCORE	PVAL	VAL	[MILI]	

14	774	454.3+-33.7	9.49	0.000	11	35.15

0 1 1 1 
0 0 0 0 
0 0 0 0 
0 0 0 0 

28	2739	1715.8+-99.1	10.33	0.000	5	124.39

0 0 1 1 
1 0 0 0 
0 0 0 0 
0 0 0 0 

76	3611	3255.3+-119.1	2.99	0.000	11	163.99

0 0 1 1 
0 0 1 0 
0 0 0 0 
0 0 0 0 

204	430	85.5+-11.1	30.96	0.000	9	19.53

0 0 1 1 
0 0 1 1 
0 0 0 0 
0 0 0 0 

280	3595	2366.1+-111.6	11.01	0.000	10	163.27

0 0 0 1 
1 0 0 0 
1 0 0 0 
0 0 0 0 

328	3350	1756.6+-88.9	17.92	0.000	9	152.14

0 0 0 1 
0 0 1 0 
1 0 0 0 
0 0 0 0 

392	3526	3034.9+-121.3	4.05	0.000	8	160.13

0 0 0 1 
0 0 0 1 
1 0 0 0 
0 0 0 0 

904	683	85.7+-12.1	49.34	0.000	8	31.02

0 0 0 1 
0 0 0 1 
1 1 0 0 
0 0 0 0 

2184	1606	1111.6+-52.1	9.49	0.000	12	72.94

0 0 0 1 
0 0 0 1 
0 0 0 1 
0 0 0 0 




Full list of subgraphs size 4 ids:

	( Total num of different subgraphs size 4 is : 199 )

MOTIF	NREAL	NRAND		NREAL	NREAL	CREAL	UNIQ
ID		STATS		ZSCORE	PVAL	[MILI]	
14	774	454.3+-33.7	9.49	0.000	35.15	11

28	2739	1715.8+-99.1	10.33	0.000	124.39	5

30	0	0.0+-0.0	888888	1.000	0.00	0

74	1705	1932.8+-89.0	-2.56	1.000	77.43	8

76	3611	3255.3+-119.1	2.99	0.000	163.99	11

78	0	246.3+-20.6	-11.95	1.000	0.00	0

90	0	0.0+-0.0	888888	1.000	0.00	0

92	0	343.1+-31.2	-11.02	1.000	0.00	0

94	0	0.0+-0.0	888888	1.000	0.00	0

204	430	85.5+-11.1	30.96	0.000	19.53	9

206	0	20.3+-6.0	-3.40	1.000	0.00	0

222	0	0.0+-0.0	888888	1.000	0.00	0

280	3595	2366.1+-111.6	11.01	0.000	163.27	10

282	0	0.0+-0.0	888888	1.000	0.00	0

286	0	0.0+-0.0	888888	1.000	0.00	0

328	3350	1756.6+-88.9	17.92	0.000	152.14	9

330	0	168.2+-41.7	-4.04	1.000	0.00	0

332	0	0.0+-0.0	888888	1.000	0.00	0

334	0	0.0+-0.0	888888	1.000	0.00	0

344	0	276.4+-32.5	-8.52	1.000	0.00	0

346	0	0.0+-0.0	888888	1.000	0.00	0

348	0	0.0+-0.0	888888	1.000	0.00	0

350	0	0.0+-0.0	888888	1.000	0.00	0

390	0	0.0+-0.0	888888	1.000	0.00	0

392	3526	3034.9+-121.3	4.05	0.000	160.13	8

394	0	308.5+-42.0	-7.34	1.000	0.00	0

396	0	0.0+-0.0	888888	1.000	0.00	0

398	0	0.0+-0.0	888888	1.000	0.00	0

404	0	0.0+-0.0	888888	1.000	0.00	0

406	0	0.0+-0.0	888888	1.000	0.00	0

408	0	482.4+-40.5	-11.91	1.000	0.00	0

410	0	0.0+-0.0	888888	1.000	0.00	0

412	0	0.0+-0.0	888888	1.000	0.00	0

414	0	0.0+-0.0	888888	1.000	0.00	0

454	0	0.0+-0.0	888888	1.000	0.00	0

456	0	167.4+-20.9	-8.01	1.000	0.00	0

458	0	26.0+-8.0	-3.24	1.000	0.00	0

460	0	0.0+-0.0	888888	1.000	0.00	0

462	0	0.0+-0.0	888888	1.000	0.00	0

468	0	0.0+-0.0	888888	1.000	0.00	0

470	0	0.0+-0.0	888888	1.000	0.00	0

472	0	31.9+-8.0	-3.97	1.000	0.00	0

474	0	0.0+-0.0	888888	1.000	0.00	0

476	0	0.0+-0.0	888888	1.000	0.00	0

478	0	0.0+-0.0	888888	1.000	0.00	0

856	0	0.0+-0.0	888888	1.000	0.00	0

858	0	0.0+-0.0	888888	1.000	0.00	0

862	0	0.0+-0.0	888888	1.000	0.00	0

904	683	85.7+-12.1	49.34	0.000	31.02	8

906	0	44.9+-10.0	-4.50	1.000	0.00	0

908	0	0.0+-0.0	888888	1.000	0.00	0

910	0	0.0+-0.0	888888	1.000	0.00	0

922	0	0.0+-0.0	888888	1.000	0.00	0

924	0	0.0+-0.0	888888	1.000	0.00	0

926	0	0.0+-0.0	888888	1.000	0.00	0

972	0	0.0+-0.0	888888	1.000	0.00	0

974	0	0.0+-0.0	888888	1.000	0.00	0

990	0	0.0+-0.0	888888	1.000	0.00	0

2184	1606	1111.6+-52.1	9.49	0.000	72.94	12

2186	0	407.2+-37.2	-10.94	1.000	0.00	0

2190	0	13.0+-4.4	-2.99	1.000	0.00	0

2202	0	0.0+-0.0	888888	1.000	0.00	0

2204	0	36.2+-8.7	-4.17	1.000	0.00	0

2206	0	0.0+-0.0	888888	1.000	0.00	0

2252	0	30.1+-7.2	-4.20	1.000	0.00	0

2254	0	6.4+-3.7	-1.72	1.000	0.00	0

2270	0	0.0+-0.0	888888	1.000	0.00	0

2458	0	0.0+-0.0	888888	1.000	0.00	0

2462	0	0.0+-0.0	888888	1.000	0.00	0

2506	0	1.5+-1.4	-1.08	1.000	0.00	0

2510	0	0.0+-0.0	888888	1.000	0.00	0

2524	0	0.0+-0.0	888888	1.000	0.00	0

2526	0	0.0+-0.0	888888	1.000	0.00	0

3038	0	0.0+-0.0	888888	1.000	0.00	0

4370	0	0.0+-0.0	888888	1.000	0.00	0

4374	0	0.0+-0.0	888888	1.000	0.00	0

4382	0	0.0+-0.0	888888	1.000	0.00	0

4418	0	242.6+-55.7	-4.35	1.000	0.00	0

4420	0	0.0+-0.0	888888	1.000	0.00	0

4422	0	0.0+-0.0	888888	1.000	0.00	0

4424	0	0.0+-0.0	888888	1.000	0.00	0

4426	0	0.0+-0.0	888888	1.000	0.00	0

4428	0	0.0+-0.0	888888	1.000	0.00	0

4430	0	0.0+-0.0	888888	1.000	0.00	0

4434	0	0.0+-0.0	888888	1.000	0.00	0

4436	0	0.0+-0.0	888888	1.000	0.00	0

4438	0	0.0+-0.0	888888	1.000	0.00	0

4440	0	0.0+-0.0	888888	1.000	0.00	0

4442	0	0.0+-0.0	888888	1.000	0.00	0

4444	0	0.0+-0.0	888888	1.000	0.00	0

4446	0	0.0+-0.0	888888	1.000	0.00	0

4546	0	10.2+-6.0	-1.69	1.000	0.00	0

4548	0	0.0+-0.0	888888	1.000	0.00	0

4550	0	0.0+-0.0	888888	1.000	0.00	0

4556	0	0.0+-0.0	888888	1.000	0.00	0

4558	0	0.0+-0.0	888888	1.000	0.00	0

4562	0	0.0+-0.0	888888	1.000	0.00	0

4564	0	0.0+-0.0	888888	1.000	0.00	0

4566	0	0.0+-0.0	888888	1.000	0.00	0

4572	0	0.0+-0.0	888888	1.000	0.00	0

4574	0	0.0+-0.0	888888	1.000	0.00	0

4678	0	0.0+-0.0	888888	1.000	0.00	0

4682	0	0.0+-0.0	888888	1.000	0.00	0

4686	0	0.0+-0.0	888888	1.000	0.00	0

4692	0	0.0+-0.0	888888	1.000	0.00	0

4694	0	0.0+-0.0	888888	1.000	0.00	0

4698	0	0.0+-0.0	888888	1.000	0.00	0

4700	0	0.0+-0.0	888888	1.000	0.00	0

4702	0	0.0+-0.0	888888	1.000	0.00	0

4740	0	18.3+-6.0	-3.05	1.000	0.00	0

4742	0	19.9+-6.8	-2.95	1.000	0.00	0

4748	0	0.0+-0.0	888888	1.000	0.00	0

4750	0	0.0+-0.0	888888	1.000	0.00	0

4758	0	0.0+-0.0	888888	1.000	0.00	0

4764	0	0.0+-0.0	888888	1.000	0.00	0

4766	0	0.0+-0.0	888888	1.000	0.00	0

4812	0	0.0+-0.0	888888	1.000	0.00	0

4814	0	0.0+-0.0	888888	1.000	0.00	0

4830	0	0.0+-0.0	888888	1.000	0.00	0

4946	0	0.0+-0.0	888888	1.000	0.00	0

4950	0	0.0+-0.0	888888	1.000	0.00	0

4952	0	0.0+-0.0	888888	1.000	0.00	0

4954	0	0.0+-0.0	888888	1.000	0.00	0

4958	0	0.0+-0.0	888888	1.000	0.00	0

4994	0	34.9+-10.3	-3.39	1.000	0.00	0

4998	0	0.0+-0.0	888888	1.000	0.00	0

5002	0	0.0+-0.0	888888	1.000	0.00	0

5004	0	0.0+-0.0	888888	1.000	0.00	0

5006	0	0.0+-0.0	888888	1.000	0.00	0

5010	0	0.0+-0.0	888888	1.000	0.00	0

5012	0	0.0+-0.0	888888	1.000	0.00	0

5014	0	0.0+-0.0	888888	1.000	0.00	0

5016	0	0.0+-0.0	888888	1.000	0.00	0

5018	0	0.0+-0.0	888888	1.000	0.00	0

5020	0	0.0+-0.0	888888	1.000	0.00	0

5022	0	0.0+-0.0	888888	1.000	0.00	0

5058	0	0.0+-0.0	888888	1.000	0.00	0

5062	0	0.0+-0.0	888888	1.000	0.00	0

5064	0	0.0+-0.0	888888	1.000	0.00	0

5066	0	0.0+-0.0	888888	1.000	0.00	0

5068	0	0.0+-0.0	888888	1.000	0.00	0

5070	0	0.0+-0.0	888888	1.000	0.00	0

5074	0	0.0+-0.0	888888	1.000	0.00	0

5076	0	0.0+-0.0	888888	1.000	0.00	0

5078	0	0.0+-0.0	888888	1.000	0.00	0

5080	0	0.0+-0.0	888888	1.000	0.00	0

5082	0	0.0+-0.0	888888	1.000	0.00	0

5084	0	0.0+-0.0	888888	1.000	0.00	0

5086	0	0.0+-0.0	888888	1.000	0.00	0

6342	0	4.4+-3.2	-1.36	1.000	0.00	0

6348	0	0.0+-0.0	888888	1.000	0.00	0

6350	0	0.0+-0.0	888888	1.000	0.00	0

6356	0	1.9+-1.5	-1.24	1.000	0.00	0

6358	0	0.0+-0.0	888888	1.000	0.00	0

6364	0	0.0+-0.0	888888	1.000	0.00	0

6366	0	0.0+-0.0	888888	1.000	0.00	0

6550	0	0.0+-0.0	888888	1.000	0.00	0

6552	0	0.0+-0.0	888888	1.000	0.00	0

6554	0	0.0+-0.0	888888	1.000	0.00	0

6558	0	0.0+-0.0	888888	1.000	0.00	0

6598	0	0.0+-0.0	888888	1.000	0.00	0

6602	0	0.0+-0.0	888888	1.000	0.00	0

6604	0	0.0+-0.0	888888	1.000	0.00	0

6606	0	0.0+-0.0	888888	1.000	0.00	0

6614	0	0.0+-0.0	888888	1.000	0.00	0

6616	0	0.0+-0.0	888888	1.000	0.00	0

6618	0	0.0+-0.0	888888	1.000	0.00	0

6620	0	0.0+-0.0	888888	1.000	0.00	0

6622	0	0.0+-0.0	888888	1.000	0.00	0

6854	0	0.0+-0.0	888888	1.000	0.00	0

6858	0	0.0+-0.0	888888	1.000	0.00	0

6862	0	0.0+-0.0	888888	1.000	0.00	0

6870	0	0.0+-0.0	888888	1.000	0.00	0

6874	0	0.0+-0.0	888888	1.000	0.00	0

6876	0	0.0+-0.0	888888	1.000	0.00	0

6878	0	0.0+-0.0	888888	1.000	0.00	0

7126	0	0.0+-0.0	888888	1.000	0.00	0

7128	0	0.0+-0.0	888888	1.000	0.00	0

7130	0	0.0+-0.0	888888	1.000	0.00	0

7134	0	0.0+-0.0	888888	1.000	0.00	0

13142	0	0.0+-0.0	888888	1.000	0.00	0

13146	0	0.0+-0.0	888888	1.000	0.00	0

13148	0	0.0+-0.0	888888	1.000	0.00	0

13150	0	0.0+-0.0	888888	1.000	0.00	0

13260	0	0.0+-0.0	888888	1.000	0.00	0

13262	0	0.0+-0.0	888888	1.000	0.00	0

13278	0	0.0+-0.0	888888	1.000	0.00	0

14678	0	0.0+-0.0	888888	1.000	0.00	0

14686	0	0.0+-0.0	888888	1.000	0.00	0

14790	0	0.0+-0.0	888888	1.000	0.00	0

14798	0	0.0+-0.0	888888	1.000	0.00	0

14810	0	0.0+-0.0	888888	1.000	0.00	0

14812	0	0.0+-0.0	888888	1.000	0.00	0

14814	0	0.0+-0.0	888888	1.000	0.00	0

15258	0	0.0+-0.0	888888	1.000	0.00	0

15262	0	0.0+-0.0	888888	1.000	0.00	0

15310	0	0.0+-0.0	888888	1.000	0.00	0

15326	0	0.0+-0.0	888888	1.000	0.00	0

31710	0	0.0+-0.0	888888	1.000	0.00	0



 (Application total runtime was:   1.60 minutes).

 (Real network processing runtime was:    1.0 seconds.)

 (Single Random network processing runtime was:    0.9 seconds.)
