2184 0000
     4000
     4000
     4000

2116 0000
     0004
     0004
     4000

 204 0000
     0000
     4400
     4400

2184 0000
     3000
     4000
     4000

2184 0000
     5000
     4000
     4000

 204 0000
     0000
     3400
     4400

 204 0000
     0000
     4500
     4400

2182 0000
     4000
     4000
     0440

  14 0000
     0000
     0000
     4440

2116 0000
     0050
     4000
     0040

2116 0000
     4000
     0300
     0400

  28 0000
     0000
     0004
     4400

 536 0000
     4000
     0004
     0400

2116 0000
     5000
     0400
     0400

  14 0000
     0000
     0000
     3440

  14 0000
     0000
     0000
     5440

2182 0000
     5000
     4000
     0440

2116 0000
     3000
     0400
     0400

2182 0000
     3000
     4000
     0440

2182 0000
     4000
     4000
     0450

2184 0000
     3000
     5000
     4000

2182 0000
     4000
     4000
     0340

  28 0000
     0000
     0004
     5400

2184 0000
     2000
     4000
     4000

2184 0000
     6000
     4000
     4000

2116 0000
     6000
     0400
     0400

 204 0000
     0000
     2400
     4400

2182 0000
     6000
     4000
     0440

  28 0000
     0000
     0004
     3400

 204 0000
     0000
     4600
     4400

2184 0000
     4000
     5000
     5000

 204 0000
     0000
     3400
     4500

2184 0000
     4000
     3000
     3000

 204 0000
     0000
     3400
     5400

 536 0000
     2000
     0400
     0040

2116 0000
     4000
     0200
     0400

 204 0000
     0000
     3500
     4400

2116 0000
     5000
     0400
     0300

2116 0000
     5000
     0400
     0500

  28 0000
     0000
     0004
     6400

 536 0000
     0050
     4000
     0400

2116 0000
     0040
     3000
     0030

2116 0000
     2000
     0400
     0400

  14 0000
     0000
     0000
     3450

2116 0000
     0060
     4000
     0040

  28 0000
     0000
     0005
     4400

2116 0000
     4000
     0300
     0500

  28 0000
     0000
     0003
     4400

 204 0000
     0000
     5400
     5400

2182 0000
     2000
     4000
     0440

 204 0000
     0000
     3400
     4300

  14 0000
     0000
     0000
     2440

 204 0000
     0000
     5500
     4400

2116 0000
     3000
     0400
     0500

 204 0000
     0000
     4300
     4300

 204 0000
     0000
     4500
     5400

 536 0000
     4000
     0300
     0040

  14 0000
     0000
     0000
     6440

 536 0000
     0050
     0004
     4000

 536 0000
     5000
     0400
     0040

 204 0000
     0000
     4400
     3300

 536 0000
     1000
     0400
     0040

 536 0000
     0040
     4000
     0300

  14 0000
     0000
     0000
     4550

2116 0000
     6000
     0400
     0300

2182 0000
     3000
     5000
     0440

2184 0000
     2000
     5000
     4000

  28 0000
     0000
     0004
     2400

2116 0000
     6000
     0500
     0400

2182 0000
     4000
     5000
     0450

2182 0000
     5000
     4000
     0450

2182 0000
     5000
     4000
     0340

  14 0000
     0000
     0000
     4330

2182 0000
     4000
     4000
     0240

2182 0000
     4000
     5000
     0340

2116 0000
     4000
     0500
     0500

2182 0000
     3000
     4000
     0340

2184 0000
     3000
     6000
     4000

2184 0000
     2000
     4000
     3000

2184 0000
     4000
     6000
     5000

2182 0000
     4000
     3000
     0540

2182 0000
     5000
     5000
     0440

2182 0000
     4000
     3000
     0340

 536 0000
     6000
     0400
     0040

2116 0000
     4000
     0300
     0300

2182 0000
     4000
     4000
     0460

 536 0000
     0060
     4000
     0400

  28 0000
     0000
     0004
     3500

2116 0000
     1000
     0400
     0400

2182 0000
     3000
     4000
     0540

2182 0000
     4000
     4000
     0350

  28 0000
     0000
     0005
     4500

2116 0000
     2000
     0400
     0500

2184 0000
     1000
     4000
     4000

2182 0000
     4000
     1000
     0440

  28 0000
     0000
     0003
     4500

 204 0000
     0000
     2400
     4500

  28 0000
     0000
     0003
     4300

2182 0000
     4000
     6000
     0540

 204 0000
     0000
     4300
     2400

 204 0000
     0000
     2300
     4400

 204 0000
     0000
     5400
     4600

 204 0000
     0000
     3400
     4600

2116 0000
     2000
     0300
     0400

2182 0000
     3000
     6000
     0440

 204 0000
     0000
     4100
     4400

 204 0000
     0000
     2500
     4400

2182 0000
     4000
     6000
     0340

 204 0000
     0000
     3600
     4400

2182 0000
     6000
     4000
     0340

2182 0000
     6000
     4000
     0540

2116 0000
     5000
     0400
     0600

 204 0000
     0000
     2400
     5400

2116 0000
     7000
     0400
     0400

2182 0000
     6000
     5000
     0440

 204 0000
     0000
     4500
     5500

  28 0000
     0000
     0004
     5500

 204 0000
     0000
     5600
     4400

 536 0000
     3000
     0400
     0040

  28 0000
     0000
     0005
     3400

 204 0000
     0000
     3400
     2400

2182 0000
     7000
     4000
     0440

  14 0000
     0000
     0000
     2340

  28 0000
     0000
     0004
     5600

 536 0000
     2000
     0300
     0040

 204 0000
     0000
     5400
     6400

  14 0000
     0000
     0000
     2450

2184 0000
     3000
     5000
     5000

2182 0000
     4000
     4000
     0550

 204 0000
     0000
     3400
     6400

 536 0000
     7000
     0400
     0040

  14 0000
     0000
     0000
     3460

 204 0000
     0000
     4500
     3500

  28 0000
     0000
     0004
     4100

  28 0000
     0000
     0004
     3600

 204 0000
     0000
     3400
     5500

2116 0000
     3000
     0200
     0400

 204 0000
     0000
     5400
     3500

 204 0000
     0000
     4300
     5300

 536 0000
     2000
     0400
     0050

2184 0000
     5000
     3000
     3000

  14 0000
     0000
     0000
     4560

 536 0000
     0040
     2000
     0300

 204 0000
     0000
     4300
     3500

  28 0000
     0000
     0002
     4400

2116 0000
     4000
     0200
     0500

2182 0000
     3000
     3000
     0440

2116 0000
     5000
     0300
     0500

 204 0000
     0000
     3400
     3300

2116 0000
     5000
     0400
     0200

 204 0000
     0000
     4500
     3300

2116 0000
     6000
     0400
     0600

2182 0000
     4000
     4000
     0330

 536 0000
     0050
     2000
     0400

 536 0000
     4000
     0200
     0040

  28 0000
     0000
     0005
     4600

2116 0000
     3000
     0400
     0600

 536 0000
     0050
     4000
     0300

 536 0000
     4000
     0500
     0050

  28 0000
     0000
     0003
     4600

2182 0000
     2000
     5000
     0440

2116 0000
     0010
     4000
     0040

  28 0000
     0000
     0004
     7400

2116 0000
     4000
     0300
     0200

2182 0000
     5000
     5000
     0340

2116 0000
     6000
     0400
     0200

2182 0000
     2000
     4000
     0540

 536 0000
     0040
     4000
     0200

2116 0000
     4000
     0500
     0600

2182 0000
     5000
     5000
     0450

2116 0000
     0050
     3000
     0030

2182 0000
     4000
     2000
     0340

 536 0000
     0060
     2000
     0400

2116 0000
     1000
     0400
     0300

2182 0000
     4000
     2000
     0540

 536 0000
     0050
     5000
     0400

2182 0000
     4000
     5000
     0240

  28 0000
     0000
     0005
     2400

  14 0000
     0000
     0000
     1440

2116 0000
     0005
     0005
     5000

2182 0000
     5000
     4000
     0640

 536 0000
     4000
     0300
     0030

2116 0000
     4000
     0300
     0600

2182 0000
     3000
     2000
     0440

  28 0000
     0000
     0006
     4400

2184 0000
     2000
     6000
     4000

 536 0000
     0060
     1000
     0400

 536 0000
     5000
     0300
     0040

2182 0000
     2000
     4000
     0340

2116 0000
     5000
     0300
     0300

 536 0000
     0050
     1000
     0400

 536 0000
     5000
     0400
     0050

 536 0000
     1000
     0400
     0050

2184 0000
     5000
     5000
     5000

 536 0000
     0040
     5000
     0300

 536 0000
     0040
     1000
     0300

2116 0000
     2000
     0400
     0600

2116 0000
     7000
     0400
     0300

2184 0000
     7000
     4000
     4000

2182 0000
     4000
     5000
     0550

2182 0000
     4000
     3000
     0240

2182 0000
     3000
     5000
     0430

2182 0000
     3000
     4000
     0240

2116 0000
     0003
     0003
     3000

 536 0000
     4000
     0300
     0050

 536 0000
     1000
     0300
     0040

 536 0000
     0060
     6000
     0400

 536 0000
     6000
     0300
     0040

2182 0000
     5000
     3000
     0430

2182 0000
     2000
     2000
     0440

2182 0000
     3000
     5000
     0450

 536 0000
     0060
     0004
     4000

2116 0000
     1000
     0500
     0400

2182 0000
     4000
     4000
     0250

2182 0000
     4000
     4000
     0230

2184 0000
     4000
     6000
     6000

2182 0000
     4000
     6000
     0460

2182 0000
     6000
     6000
     0440

2116 0000
     6000
     0500
     0300

2182 0000
     3000
     4000
     0640

2182 0000
     5000
     4000
     0330

 204 0000
     0000
     2400
     4600

2182 0000
     5000
     4000
     0240

  14 0000
     0000
     0000
     3550

2182 0000
     5000
     3000
     0450

2182 0000
     5000
     4000
     0350

  28 0000
     0000
     0004
     3300

  28 0000
     0000
     0003
     2400

2184 0000
     3000
     1000
     4000

2116 0000
     0040
     2000
     0020

2182 0000
     4000
     3000
     0530

  28 0000
     0000
     0006
     4500

2184 0000
     3000
     3000
     3000

  28 0000
     0000
     0003
     5300

2182 0000
     6000
     4000
     0240

 536 0000
     6000
     0400
     0050

2182 0000
     4000
     5000
     0350

2182 0000
     3000
     3000
     0340

2182 0000
     4000
     5000
     0640

2182 0000
     4000
     4000
     0410

2182 0000
     4000
     3000
     0330

2182 0000
     4000
     3000
     0640

2116 0000
     1000
     0600
     0400

2184 0000
     2000
     5000
     3000

 204 0000
     0000
     4700
     4400

2182 0000
     4000
     1000
     0540

  28 0000
     0000
     0004
     2500

2184 0000
     4000
     2000
     2000

2182 0000
     6000
     3000
     0430

2182 0000
     4000
     4000
     0360

  28 0000
     0000
     0004
     2300

 536 0000
     0040
     6000
     0300

2182 0000
     4000
     6000
     0240

 536 0000
     0070
     4000
     0400

2182 0000
     1000
     4000
     0340

  28 0000
     0000
     0002
     3400

 536 0000
     0040
     0002
     2000

 536 0000
     0060
     5000
     0400

2184 0000
     3000
     6000
     5000

  14 0000
     0000
     0000
     5330

2182 0000
     4000
     3000
     0550

 536 0000
     0050
     6000
     0400

 536 0000
     0060
     4000
     0500

2182 0000
     4000
     1000
     0340

2116 0000
     3000
     0500
     0500

 536 0000
     0060
     4000
     0300

 536 0000
     0050
     7000
     0400

2116 0000
     5000
     0100
     0400

 204 0000
     0000
     5400
     4100

2182 0000
     4000
     4000
     0560

 204 0000
     0000
     4500
     6500

 204 0000
     0000
     2400
     5500

2116 0000
     7000
     0500
     0400

2184 0000
     4000
     1000
     5000

2182 0000
     6000
     4000
     0460

 204 0000
     0000
     2400
     6400

 204 0000
     0000
     3600
     5400

  28 0000
     0000
     0005
     5500

2182 0000
     3000
     4000
     0530

 204 0000
     0000
     2300
     5400

2182 0000
     7000
     4000
     0340

  28 0000
     0000
     0005
     3500

2182 0000
     3000
     6000
     0450

 204 0000
     0000
     4500
     2500

2182 0000
     3000
     3000
     0450

 204 0000
     0000
     4100
     3400

  28 0000
     0000
     0002
     4500

2182 0000
     3000
     6000
     0430

2182 0000
     6000
     5000
     0450

2116 0000
     6000
     0500
     0500

2182 0000
     4000
     7000
     0540

 204 0000
     0000
     2300
     4300

 204 0000
     0000
     4300
     6300

2182 0000
     2000
     6000
     0440

2116 0000
     2000
     0300
     0500

2182 0000
     7000
     5000
     0440

 204 0000
     0000
     4300
     3600

2182 0000
     5000
     6000
     0340

 204 0000
     0000
     2500
     4300

2184 0000
     6000
     5000
     5000

2182 0000
     4000
     6000
     0550

 204 0000
     0000
     4600
     6400

  28 0000
     0000
     0006
     4600

  28 0000
     0000
     0002
     4600

 204 0000
     0000
     5300
     2400

2182 0000
     4000
     7000
     0340

2182 0000
     5000
     6000
     0450

 204 0000
     0000
     3100
     4400

2184 0000
     2000
     5000
     5000

 536 0000
     7000
     0300
     0040

 204 0000
     0000
     3400
     5600

 204 0000
     0000
     4600
     5500

 536 0000
     0010
     4000
     0400

  28 0000
     0000
     0003
     5500

 204 0000
     0000
     4400
     2200

2182 0000
     1000
     3000
     0440

 204 0000
     0000
     5400
     2500

 536 0000
     0040
     2000
     0200

  28 0000
     0000
     0004
     6600

2116 0000
     6000
     0300
     0300

 536 0000
     2000
     0300
     0030

 536 0000
     0060
     3000
     0400

2182 0000
     2000
     5000
     0450

 536 0000
     7000
     0200
     0040

2116 0000
     2000
     0500
     0500

  28 0000
     0000
     0006
     3400

 204 0000
     0000
     2300
     3400

 536 0000
     0040
     3000
     0300

 536 0000
     0040
     0003
     3000

 204 0000
     0000
     3600
     4500

 536 0000
     3000
     0400
     0050

2184 0000
     4000
     7000
     5000

2116 0000
     0070
     4000
     0040

  28 0000
     0000
     0005
     6500

 204 0000
     0000
     3500
     5500

2182 0000
     6000
     3000
     0450

 204 0000
     0000
     2300
     4500

2182 0000
     4000
     2000
     0640

 536 0000
     0040
     7000
     0300

2182 0000
     6000
     4000
     0330

2182 0000
     4000
     6000
     0350

  28 0000
     0000
     0003
     4100

  28 0000
     0000
     0003
     5600

  14 0000
     0000
     0000
     3410

2182 0000
     7000
     6000
     0440

 536 0000
     2000
     0300
     0050

2182 0000
     6000
     5000
     0340

 204 0000
     0000
     6400
     3500

2116 0000
     0060
     5000
     0050

 204 0000
     0000
     4600
     3500

2182 0000
     2000
     2000
     0340

 536 0000
     4000
     0500
     0060

  28 0000
     0000
     0004
     2200

 204 0000
     0000
     2400
     3300

  14 0000
     0000
     0000
     4220

 536 0000
     4000
     0200
     0050

 204 0000
     0000
     2500
     3400

  14 0000
     0000
     0000
     5550

  14 0000
     0000
     0000
     2350

 204 0000
     0000
     3400
     6500

2182 0000
     5000
     5000
     0460

 204 0000
     0000
     3500
     2400

2182 0000
     2000
     4000
     0240

2182 0000
     1000
     4000
     0540

  28 0000
     0000
     0003
     6300

2184 0000
     6000
     3000
     3000

 536 0000
     7000
     0400
     0050

 204 0000
     0000
     4200
     4200

 204 0000
     0000
     2400
     4200

2182 0000
     6000
     4000
     0350

2182 0000
     2000
     4000
     0640

2184 0000
     2000
     3000
     3000

2182 0000
     5000
     2000
     0340

 204 0000
     0000
     1400
     3400

2182 0000
     2000
     2000
     0450

  28 0000
     0000
     0003
     4700

 536 0000
     0050
     2000
     0300

 204 0000
     0000
     4500
     5600

2116 0000
     5000
     0300
     0600

 204 0000
     0000
     3500
     3300

2182 0000
     4000
     2000
     0550

2116 0000
     3000
     0200
     0300

2182 0000
     6000
     6000
     0340

  14 0000
     0000
     0000
     3560

 536 0000
     2000
     0400
     0060

2182 0000
     4000
     2000
     0240

 204 0000
     0000
     6400
     6400

 204 0000
     0000
     4600
     3300

2182 0000
     5000
     2000
     0450

 536 0000
     2000
     0500
     0050

2182 0000
     7000
     4000
     0540

 204 0000
     0000
     6100
     4400

2184 0000
     4000
     7000
     6000

 536 0000
     0050
     4000
     0200

2182 0000
     2000
     5000
     0340

 536 0000
     4000
     0200
     0030

2182 0000
     5000
     5000
     0240

2116 0000
     4000
     0200
     0600

2116 0000
     5000
     0200
     0500

2182 0000
     3000
     5000
     0460

  28 0000
     0000
     0005
     3600

  28 0000
     0000
     0004
     6100

2116 0000
     3000
     0400
     0100

 536 0000
     0030
     4000
     0200

 204 0000
     0000
     5400
     1400

2182 0000
     4000
     5000
     0410

2116 0000
     6000
     0300
     0600

2182 0000
     3000
     2000
     0450

2116 0000
     7000
     0400
     0200

  28 0000
     0000
     0004
     5700

  28 0000
     0000
     0004
     3700

2116 0000
     7000
     0600
     0400

 536 0000
     0010
     2000
     0400

 536 0000
     0070
     1000
     0400

2116 0000
     6000
     0500
     0600

  28 0000
     0000
     0004
     3100

 536 0000
     0010
     5000
     0400

2116 0000
     1000
     0400
     0200

2182 0000
     5000
     5000
     0350

 536 0000
     0050
     5000
     0300

 536 0000
     3000
     0200
     0040

  28 0000
     0000
     0004
     2600

 536 0000
     0040
     5000
     0200

  14 0000
     0000
     0000
     7440

 536 0000
     6000
     0300
     0030

 536 0000
     0040
     1000
     0200

2182 0000
     4000
     5000
     0360

 536 0000
     1000
     0300
     0030

  28 0000
     0000
     0005
     4100

2182 0000
     4000
     5000
     0230

 536 0000
     0060
     2000
     0300

2116 0000
     2000
     0300
     0300

  14 0000
     0000
     0000
     3330

 536 0000
     1000
     0500
     0050

2182 0000
     3000
     5000
     0240

2182 0000
     6000
     6000
     0450

  28 0000
     0000
     0001
     4400

2116 0000
     3000
     0200
     0500

 536 0000
     5000
     0005
     0500

 536 0000
     5000
     0300
     0030

  28 0000
     0000
     0002
     4200

2116 0000
     6000
     0300
     0200

2182 0000
     4000
     3000
     0230

 204 0000
     0000
     4100
     2400

2182 0000
     1000
     4000
     0640

  14 0000
     0000
     0000
     4610

 204 0000
     0000
     5600
     4600

 536 0000
     4000
     0300
     0060

2182 0000
     2000
     4000
     0350

2116 0000
     0060
     3000
     0030

2182 0000
     5000
     1000
     0440

2182 0000
     1000
     2000
     0440

2116 0000
     2000
     0300
     0600

 536 0000
     0060
     2000
     0500

  14 0000
     0000
     0000
     6330

2182 0000
     6000
     1000
     0440

2182 0000
     2000
     3000
     0450

2182 0000
     5000
     4000
     0360

2182 0000
     5000
     4000
     0250

 204 0000
     0000
     6600
     4400

2182 0000
     4000
     6000
     0560

2182 0000
     4000
     2000
     0350

2116 0000
     4000
     0100
     0300

 536 0000
     0060
     4000
     0200

2116 0000
     5000
     0300
     0200

  14 0000
     0000
     0000
     6550

 536 0000
     0060
     1000
     0500

  28 0000
     0000
     0003
     3300

 536 0000
     5000
     0400
     0060

  14 0000
     0000
     0000
     2550

 536 0000
     0060
     6000
     0500

2182 0000
     3000
     2000
     0430

2182 0000
     5000
     3000
     0460

2182 0000
     4000
     1000
     0640

  28 0000
     0000
     0006
     2400

 536 0000
     0040
     6000
     0200

2182 0000
     5000
     3000
     0330

  28 0000
     0000
     0001
     4500

  14 0000
     0000
     0000
     2330

2182 0000
     2000
     4000
     0330

 536 0000
     0010
     0004
     4000

2182 0000
     2000
     2000
     0460

2184 0000
     4000
     1000
     6000

2116 0000
     6000
     0500
     0200

  28 0000
     0000
     0005
     4700

 204 0000
     0000
     5400
     4700

 536 0000
     0060
     1000
     0300

 204 0000
     0000
     5300
     5300

2184 0000
     5000
     2000
     2000

2116 0000
     2000
     0400
     0100

2116 0000
     1000
     0700
     0400

  28 0000
     0000
     0006
     3500

2182 0000
     3000
     4000
     0250

2182 0000
     6000
     4000
     0250

2182 0000
     4000
     1000
     0240

  14 0000
     0000
     0000
     4660

2182 0000
     2000
     3000
     0430

 536 0000
     0060
     6000
     0300

 536 0000
     4000
     0600
     0060

  28 0000
     0000
     0003
     2500

 536 0000
     0050
     1000
     0300

2184 0000
     2000
     1000
     4000

2182 0000
     4000
     4000
     0310

2116 0000
     4000
     0500
     0100

 536 0000
     1000
     0400
     0060

2116 0000
     0050
     2000
     0020

 204 0000
     0000
     3400
     2200

2116 0000
     4000
     0600
     0600

 204 0000
     0000
     5500
     3300

2182 0000
     5000
     6000
     0460

 204 0000
     0000
     5400
     7400

  28 0000
     0000
     0006
     4100

 204 0000
     0000
     6400
     4100

 536 0000
     0050
     7000
     0300

2182 0000
     5000
     3000
     0350

 536 0000
     5000
     0300
     0050

 204 0000
     0000
     3400
     4700

2182 0000
     5000
     4000
     0650

 204 0000
     0000
     6500
     4600

2182 0000
     4000
     5000
     0650

2182 0000
     4000
     3000
     0560

2182 0000
     3000
     4000
     0410

 536 0000
     0070
     4000
     0300

2116 0000
     1000
     0500
     0300

 204 0000
     0000
     5500
     5500

 204 0000
     0000
     6400
     3600

 204 0000
     0000
     3500
     5300

  28 0000
     0000
     0003
     2300

2182 0000
     6000
     3000
     0240

2184 0000
     3000
     6000
     6000

2182 0000
     4000
     3000
     0410

2182 0000
     7000
     4000
     0240

2182 0000
     4000
     3000
     0630

2116 0000
     1000
     0600
     0300

2182 0000
     7000
     5000
     0450

2184 0000
     2000
     6000
     5000

2182 0000
     5000
     4000
     0410

2116 0000
     4000
     0200
     0200

 536 0000
     0050
     0002
     2000

2182 0000
     5000
     3000
     0240

  28 0000
     0000
     0002
     3500

2182 0000
     6000
     5000
     0460

2182 0000
     4000
     4000
     0470

2182 0000
     3000
     5000
     0350

2182 0000
     4000
     6000
     0360

2182 0000
     3000
     3000
     0240

2182 0000
     3000
     4000
     0230

2182 0000
     5000
     4000
     0230

 204 0000
     0000
     3700
     4400

2182 0000
     1000
     4000
     0350

2182 0000
     4000
     5000
     0250

2182 0000
     1000
     4000
     0240

 536 0000
     0060
     5000
     0500

 204 0000
     0000
     3600
     5500

2182 0000
     4000
     6000
     0230

2182 0000
     6000
     2000
     0450

2182 0000
     4000
     6000
     0250

2182 0000
     6000
     3000
     0330

 536 0000
     1000
     0300
     0050

 204 0000
     0000
     3100
     5400

2182 0000
     4000
     3000
     0250

  28 0000
     0000
     0006
     5600

 536 0000
     7000
     0200
     0050

2116 0000
     1000
     0300
     0300

 536 0000
     7000
     0500
     0050

2182 0000
     7000
     5000
     0340

2182 0000
     4000
     1000
     0560

 204 0000
     0000
     3600
     2400

 204 0000
     0000
     3200
     2400

 204 0000
     0000
     3600
     3300

2182 0000
     6000
     3000
     0530

2182 0000
     6000
     4000
     0410

2182 0000
     7000
     4000
     0640

2182 0000
     1000
     4000
     0550

2184 0000
     2000
     2000
     2000

 536 0000
     6000
     0400
     0060

 536 0000
     6000
     0500
     0050

 204 0000
     0000
     4500
     2200

2182 0000
     5000
     5000
     0410

2116 0000
     7000
     0500
     0300

2116 0000
     1000
     0600
     0500

 204 0000
     0000
     2500
     5500

 536 0000
     6000
     0300
     0050

 204 0000
     0000
     5700
     4400

  28 0000
     0000
     0002
     3600

2182 0000
     2000
     5000
     0550

2182 0000
     2000
     5000
     0350

2116 0000
     5000
     0200
     0600

2116 0000
     3000
     0500
     0600

2182 0000
     4000
     7000
     0640

2182 0000
     4000
     4000
     0220

 204 0000
     0000
     2300
     4600

 536 0000
     0050
     6000
     0300

 204 0000
     0000
     6400
     2500

2182 0000
     1000
     1000
     0440

2184 0000
     2000
     6000
     3000

2182 0000
     6000
     4000
     0230

2182 0000
     6000
     5000
     0240

2182 0000
     3000
     6000
     0240

2116 0000
     4000
     0500
     0700

2182 0000
     3000
     6000
     0460

2182 0000
     3000
     5000
     0550

 204 0000
     0000
     2400
     4700

2182 0000
     6000
     2000
     0340

 204 0000
     0000
     2600
     4400

 204 0000
     0000
     3300
     3300

 204 0000
     0000
     4200
     2500

  28 0000
     0000
     0002
     4100

2182 0000
     2000
     2000
     0350

 536 0000
     0040
     3000
     0200

 536 0000
     0010
     4000
     0300

2182 0000
     6000
     4000
     0360

 536 0000
     3000
     0003
     0300

 204 0000
     0000
     4500
     6600

 204 0000
     0000
     6400
     7400

2182 0000
     3000
     4000
     0630

  28 0000
     0000
     0006
     5500

2182 0000
     3000
     1000
     0430

2182 0000
     3000
     4000
     0560

2182 0000
     5000
     5000
     0550

2116 0000
     0030
     2000
     0020

 536 0000
     0030
     2000
     0200

 204 0000
     0000
     4600
     3600

2182 0000
     6000
     5000
     0550

  28 0000
     0000
     0005
     3300

  14 0000
     0000
     0000
     3470

2182 0000
     2000
     5000
     0460

2184 0000
     4000
     1000
     1000

2182 0000
     4000
     1000
     0360

2182 0000
     3000
     3000
     0460

2182 0000
     6000
     5000
     0350

2182 0000
     3000
     6000
     0550

2182 0000
     4000
     1000
     0350

 204 0000
     0000
     2500
     3300

2182 0000
     5000
     2000
     0460

 204 0000
     0000
     3200
     4200

2116 0000
     3000
     0200
     0600

2182 0000
     6000
     6000
     0460

 536 0000
     0030
     0002
     2000

  14 0000
     0000
     0000
     4570

  28 0000
     0000
     0006
     3600

2182 0000
     2000
     4000
     0560

 536 0000
     0060
     3000
     0300

 536 0000
     0040
     7000
     0200

2116 0000
     7000
     0300
     0300

  28 0000
     0000
     0006
     4700

2182 0000
     4000
     7000
     0240

 536 0000
     0060
     5000
     0300

 204 0000
     0000
     2400
     6500

 204 0000
     0000
     4600
     2500

  28 0000
     0000
     0001
     3400

 204 0000
     0000
     6400
     1400

2182 0000
     5000
     6000
     0240

 204 0000
     0000
     2300
     6400

2182 0000
     6000
     3000
     0460

 204 0000
     0000
     2400
     5600

  28 0000
     0000
     0002
     5600

 536 0000
     7000
     0400
     0060

 204 0000
     0000
     1400
     3500

2182 0000
     3000
     5000
     0230

  28 0000
     0000
     0002
     5500

2182 0000
     5000
     1000
     0460

  28 0000
     0000
     0005
     2300

2182 0000
     4000
     3000
     0220

 536 0000
     3000
     0400
     0060

  28 0000
     0000
     0002
     4700

 204 0000
     0000
     2300
     3300

2116 0000
     7000
     0500
     0200

 536 0000
     0050
     0003
     3000

2182 0000
     5000
     5000
     0560

2116 0000
     5000
     0100
     0300

2182 0000
     5000
     5000
     0330

 536 0000
     2000
     0300
     0060

 536 0000
     0060
     3000
     0500

 536 0000
     2000
     0500
     0060

2116 0000
     2000
     0500
     0600

2182 0000
     2000
     4000
     0360

  28 0000
     0000
     0005
     6600

2182 0000
     7000
     6000
     0340

 536 0000
     7000
     0300
     0050

 204 0000
     0000
     2400
     2200

 204 0000
     0000
     6300
     2400

 536 0000
     4000
     0500
     0010

2182 0000
     2000
     2000
     0240

2184 0000
     3000
     1000
     5000

 204 0000
     0000
     4200
     5200

 204 0000
     0000
     5600
     5500

2182 0000
     4000
     1000
     0330

  28 0000
     0000
     0003
     6600

  14 0000
     0000
     0000
     2460

2182 0000
     6000
     6000
     0240

2182 0000
     7000
     4000
     0350

2184 0000
     5000
     6000
     6000

 204 0000
     0000
     6400
     4700

2182 0000
     2000
     4000
     0410

2182 0000
     3000
     3000
     0330

  28 0000
     0000
     0003
     2600

2116 0000
     0060
     2000
     0020

  28 0000
     0000
     0003
     6100

2182 0000
     5000
     2000
     0350

  28 0000
     0000
     0005
     2200

2182 0000
     2000
     6000
     0340

2182 0000
     2000
     3000
     0420

2182 0000
     4000
     2000
     0360

2182 0000
     2000
     6000
     0450

2182 0000
     6000
     5000
     0330

2182 0000
     1000
     3000
     0450

 204 0000
     0000
     2300
     4100

2182 0000
     1000
     3000
     0430

2116 0000
     0006
     0006
     6000

 536 0000
     3000
     0200
     0050

  28 0000
     0000
     0006
     6100

  14 0000
     0000
     0000
     3220

 204 0000
     0000
     2300
     5300

  28 0000
     0000
     0006
     2300

2182 0000
     2000
     4000
     0520

2182 0000
     1000
     4000
     0740

2182 0000
     7000
     4000
     0330

2182 0000
     7000
     6000
     0240

2182 0000
     1000
     1000
     0450

 536 0000
     0060
     2000
     0200

 204 0000
     0000
     3400
     6600

2182 0000
     2000
     1000
     0450

2182 0000
     1000
     4000
     0360

2182 0000
     2000
     2000
     0410

  28 0000
     0000
     0003
     3100

2116 0000
     7000
     0600
     0300

2182 0000
     2000
     4000
     0320

2116 0000
     1000
     0500
     0500

2116 0000
     1000
     0600
     0600

2182 0000
     7000
     6000
     0460

 536 0000
     1000
     0600
     0060

2116 0000
     7000
     0300
     0200

 536 0000
     4000
     0200
     0020

2116 0000
     1000
     0300
     0200

  28 0000
     0000
     0003
     5700

 536 0000
     1000
     0500
     0060

2182 0000
     6000
     4000
     0220

2182 0000
     4000
     7000
     0360

2182 0000
     6000
     7000
     0340

2182 0000
     1000
     3000
     0460

2182 0000
     5000
     2000
     0420

 536 0000
     2000
     0400
     0010

  28 0000
     0000
     0003
     7300

2182 0000
     3000
     3000
     0350

2182 0000
     5000
     1000
     0340

2182 0000
     4000
     7000
     0550

 204 0000
     0000
     4300
     1300

 204 0000
     0000
     3100
     4500

 536 0000
     0070
     1000
     0300

 204 0000
     0000
     2600
     5400

 204 0000
     0000
     3500
     2200

 204 0000
     0000
     4300
     3100

 536 0000
     7000
     0200
     0030

  28 0000
     0000
     0006
     2500

2182 0000
     4000
     2000
     0740

2182 0000
     4000
     4000
     0610

 204 0000
     0000
     4100
     3500

2182 0000
     5000
     6000
     0350

 536 0000
     2000
     0600
     0060

 536 0000
     0060
     1000
     0200

 536 0000
     0010
     5000
     0300

2116 0000
     0010
     5000
     0050

2182 0000
     4000
     2000
     0410

2184 0000
     3000
     2000
     2000

 204 0000
     0000
     5300
     2500

2182 0000
     5000
     7000
     0340

 536 0000
     0010
     2000
     0300

2182 0000
     2000
     5000
     0330

 204 0000
     0000
     3400
     6100

2184 0000
     7000
     5000
     5000

2116 0000
     1000
     0700
     0500

 204 0000
     0000
     2500
     6500

 536 0000
     0050
     5000
     0200

 204 0000
     0000
     3500
     6600

 536 0000
     7000
     0300
     0030

 204 0000
     0000
     4700
     3500

 204 0000
     0000
     2300
     3600

 204 0000
     0000
     2300
     3500

  28 0000
     0000
     0005
     2500

 204 0000
     0000
     4100
     3300

 536 0000
     0060
     6000
     0200

 204 0000
     0000
     4500
     6100

2182 0000
     1000
     5000
     0340

2182 0000
     5000
     7000
     0460

2182 0000
     1000
     2000
     0460

 204 0000
     0000
     3400
     1600

 204 0000
     0000
     4500
     1600

 536 0000
     0050
     2000
     0200

  14 0000
     0000
     0000
     5220

 536 0000
     0060
     0005
     5000

 536 0000
     0050
     1000
     0200

2182 0000
     3000
     2000
     0420

2182 0000
     6000
     6000
     0550

2182 0000
     3000
     5000
     0410

 204 0000
     0000
     6500
     3600

2184 0000
     5000
     7000
     6000

2182 0000
     3000
     5000
     0250

 204 0000
     0000
     3500
     2500

2182 0000
     3000
     3000
     0250

 536 0000
     0070
     4000
     0600

2116 0000
     4000
     0600
     0700

2182 0000
     4000
     5000
     0740

2182 0000
     6000
     3000
     0230

 536 0000
     5000
     0300
     0060

2182 0000
     5000
     3000
     0250

2182 0000
     4000
     2000
     0560

 536 0000
     0070
     4000
     0500

2182 0000
     4000
     2000
     0520

  28 0000
     0000
     0003
     2200

 536 0000
     4000
     0200
     0060

2182 0000
     5000
     3000
     0630

2182 0000
     2000
     2000
     0550

2182 0000
     1000
     6000
     0340

2182 0000
     4000
     5000
     0310

2182 0000
     1000
     4000
     0560

 204 0000
     0000
     4600
     6600

2182 0000
     2000
     1000
     0460

2182 0000
     1000
     1000
     0340

2116 0000
     7000
     0500
     0500

 204 0000
     0000
     5300
     6300

  28 0000
     0000
     0005
     6100

2182 0000
     2000
     1000
     0340

2182 0000
     1000
     4000
     0230

 204 0000
     0000
     3500
     6500

  28 0000
     0000
     0007
     4400

  28 0000
     0000
     0007
     4100

 536 0000
     0060
     5000
     0200

 536 0000
     6000
     0500
     0060

2182 0000
     6000
     7000
     0450

 536 0000
     1000
     0001
     0400

2182 0000
     5000
     5000
     0230

2116 0000
     3000
     0600
     0600

2116 0000
     6000
     0200
     0600

 204 0000
     0000
     3500
     5600

2182 0000
     2000
     3000
     0460

2182 0000
     4000
     2000
     0220

 204 0000
     0000
     2300
     5500

 536 0000
     6000
     0001
     0400

2182 0000
     3000
     3000
     0550

2182 0000
     3000
     3000
     0410

 204 0000
     0000
     4500
     7500

2182 0000
     6000
     6000
     0350

2182 0000
     1000
     2000
     0420

 536 0000
     0030
     3000
     0200

2182 0000
     1000
     2000
     0340

 536 0000
     2000
     0002
     0200

2182 0000
     5000
     7000
     0450

 536 0000
     0030
     6000
     0200

2182 0000
     5000
     4000
     0220

2182 0000
     3000
     3000
     0360

2182 0000
     6000
     6000
     0360

2182 0000
     3000
     6000
     0530

2182 0000
     5000
     7000
     0240

 204 0000
     0000
     3700
     6400

2182 0000
     4000
     2000
     0660

2182 0000
     5000
     4000
     0610

 536 0000
     3000
     0600
     0060

 204 0000
     0000
     4500
     5700

2182 0000
     1000
     5000
     0460

 204 0000
     0000
     3100
     6400

2182 0000
     5000
     1000
     0450

2182 0000
     7000
     6000
     0560

2182 0000
     7000
     6000
     0450

2182 0000
     4000
     4000
     0570

 204 0000
     0000
     3200
     5200

2182 0000
     4000
     4000
     0660

 204 0000
     0000
     1600
     4700

 204 0000
     0000
     1600
     4600

  28 0000
     0000
     0001
     3500

2116 0000
     3000
     0500
     0100

  28 0000
     0000
     0001
     2400

2182 0000
     3000
     5000
     0630

2182 0000
     3000
     2000
     0460

2182 0000
     3000
     5000
     0650

 204 0000
     0000
     4100
     6500

2182 0000
     3000
     2000
     0550

 204 0000
     0000
     4700
     6500

 204 0000
     0000
     4600
     2200

 536 0000
     6000
     0006
     0600

2184 0000
     1000
     3000
     3000

 204 0000
     0000
     4700
     5600

 536 0000
     0030
     1000
     0200

  28 0000
     0000
     0002
     3200

  28 0000
     0000
     0002
     3300

2182 0000
     7000
     4000
     0410

2116 0000
     4000
     0600
     0100

2182 0000
     5000
     5000
     0360

 536 0000
     0030
     7000
     0200

2182 0000
     5000
     5000
     0250

  28 0000
     0000
     0002
     2200

2182 0000
     4000
     3000
     0310

  28 0000
     0000
     0006
     2200

2182 0000
     6000
     4000
     0560

2182 0000
     6000
     1000
     0340

2182 0000
     6000
     1000
     0240

2182 0000
     5000
     3000
     0230

 536 0000
     0030
     5000
     0200

  28 0000
     0000
     0006
     3300

2116 0000
     5000
     0600
     0600

2182 0000
     4000
     7000
     0230

2182 0000
     4000
     7000
     0350

 204 0000
     0000
     2400
     6600

2182 0000
     1000
     3000
     0240

 204 0000
     0000
     7400
     4100

2182 0000
     1000
     4000
     0410

2182 0000
     1000
     1000
     0460

2182 0000
     3000
     1000
     0460

2116 0000
     0010
     3000
     0030

2184 0000
     2000
     6000
     6000

 204 0000
     0000
     2300
     1400

  14 0000
     0000
     0000
     2560

 204 0000
     0000
     5300
     3100

 204 0000
     0000
     4100
     2500

 204 0000
     0000
     2600
     3400

2184 0000
     1000
     5000
     5000

 204 0000
     0000
     4100
     2200

2182 0000
     2000
     2000
     0360

 204 0000
     0000
     2600
     4300

2182 0000
     2000
     5000
     0420

 204 0000
     0000
     3700
     4500

 204 0000
     0000
     1400
     1400

 204 0000
     0000
     4100
     1400

 536 0000
     4000
     0001
     0300

2182 0000
     2000
     3000
     0530

  14 0000
     0000
     0000
     3610

2182 0000
     3000
     1000
     0450

2182 0000
     1000
     6000
     0450

2116 0000
     2000
     0600
     0600

 204 0000
     0000
     4700
     5500

 536 0000
     0010
     4000
     0200

 204 0000
     0000
     4100
     5500

 536 0000
     0010
     4000
     0500

2184 0000
     3000
     1000
     6000

2182 0000
     2000
     6000
     0460

2182 0000
     1000
     4000
     0250

 204 0000
     0000
     1400
     3600

2116 0000
     2000
     0300
     0100

2116 0000
     3000
     0200
     0200

2182 0000
     3000
     1000
     0240

2182 0000
     5000
     2000
     0660

2182 0000
     4000
     3000
     0260

2182 0000
     2000
     2000
     0250

2182 0000
     2000
     2000
     0230

2182 0000
     3000
     1000
     0230

2182 0000
     4000
     6000
     0660

 536 0000
     7000
     0001
     0400

2182 0000
     4000
     5000
     0610

2182 0000
     4000
     6000
     0740

2182 0000
     2000
     5000
     0360

2182 0000
     4000
     3000
     0610

2182 0000
     3000
     6000
     0360

2182 0000
     4000
     3000
     0660

 536 0000
     0060
     0002
     2000

2182 0000
     2000
     5000
     0320

2182 0000
     3000
     6000
     0250

2182 0000
     3000
     1000
     0530

2182 0000
     4000
     3000
     0740

2182 0000
     3000
     6000
     0230

 536 0000
     3000
     0200
     0030

 536 0000
     3000
     0200
     0020

  28 0000
     0000
     0002
     6600

2182 0000
     2000
     1000
     0470

  28 0000
     0000
     0001
     2500

 536 0000
     0010
     5000
     0200

2184 0000
     2000
     1000
     1000

 204 0000
     0000
     6300
     6300

 536 0000
     0010
     2000
     0200

 204 0000
     0000
     2500
     5600

 536 0000
     0010
     5000
     0500

 536 0000
     0010
     2000
     0500

 204 0000
     0000
     5200
     5200

  14 0000
     0000
     0000
     3660

  14 0000
     0000
     0000
     3570

2182 0000
     1000
     5000
     0410

2182 0000
     1000
     5000
     0450

 204 0000
     0000
     4100
     3600

 204 0000
     0000
     4700
     3600

2182 0000
     1000
     2000
     0330

  14 0000
     0000
     0000
     2360

 204 0000
     0000
     1400
     2400

 204 0000
     0000
     6300
     2500

  14 0000
     0000
     0000
     1330

2182 0000
     1000
     2000
     0560

2116 0000
     1000
     0700
     0600

  28 0000
     0000
     0002
     3100

2182 0000
     5000
     2000
     0360

2182 0000
     5000
     2000
     0320

2184 0000
     7000
     6000
     6000

2182 0000
     5000
     2000
     0310

2182 0000
     3000
     3000
     0560

2182 0000
     6000
     1000
     0450

 536 0000
     2000
     0500
     0010

2182 0000
     6000
     4000
     0610

2116 0000
     6000
     0200
     0200

2182 0000
     6000
     4000
     0370

2182 0000
     6000
     4000
     0310

2182 0000
     6000
     7000
     0460

2182 0000
     6000
     7000
     0350

2182 0000
     6000
     7000
     0240

2116 0000
     7000
     0600
     0500

2182 0000
     7000
     6000
     0550

  28 0000
     0000
     0001
     5500

2182 0000
     2000
     4000
     0570

2182 0000
     2000
     4000
     0620

 536 0000
     7000
     0300
     0060

2182 0000
     7000
     6000
     0360

2182 0000
     7000
     6000
     0330

 204 0000
     0000
     2300
     6500

2116 0000
     2000
     0600
     0100

 536 0000
     0010
     0005
     5000

 536 0000
     0050
     7000
     0200

2182 0000
     2000
     6000
     0330

2182 0000
     2000
     6000
     0320

 536 0000
     2000
     0300
     0010

2182 0000
     3000
     2000
     0530

2182 0000
     3000
     2000
     0520

2182 0000
     3000
     5000
     0610

2182 0000
     3000
     2000
     0230

2182 0000
     3000
     5000
     0310

 536 0000
     3000
     0400
     0010

  28 0000
     0000
     0006
     6600

2182 0000
     7000
     5000
     0330

2182 0000
     4000
     1000
     0570

2182 0000
     7000
     5000
     0350

  28 0000
     0000
     0006
     5700

2182 0000
     7000
     5000
     0460

2182 0000
     4000
     1000
     0370

2182 0000
     4000
     1000
     0250

2182 0000
     4000
     7000
     0560

2182 0000
     4000
     4000
     0370

2182 0000
     4000
     4000
     0260

  28 0000
     0000
     0006
     3700

2182 0000
     6000
     6000
     0230

 204 0000
     0000
     3100
     4600

 204 0000
     0000
     3700
     4600

 204 0000
     0000
     6100
     5500

 204 0000
     0000
     7500
     4600

 204 0000
     0000
     3700
     5400

 204 0000
     0000
     6100
     4100

 204 0000
     0000
     5300
     3600

 204 0000
     0000
     5600
     3600

 204 0000
     0000
     5600
     3300

 204 0000
     0000
     4200
     2600

 204 0000
     0000
     6400
     2600

 204 0000
     0000
     3100
     2400

 204 0000
     0000
     3400
     5700

2182 0000
     1000
     1000
     0560

2182 0000
     1000
     4000
     0660

2182 0000
     1000
     1000
     0470

2182 0000
     1000
     4000
     0370

2116 0000
     1000
     0500
     0200

2182 0000
     1000
     4000
     0310

2182 0000
     2000
     3000
     0560

 536 0000
     5000
     0001
     0400

2182 0000
     2000
     3000
     0520

 204 0000
     0000
     3700
     6500

 536 0000
     5000
     0001
     0300

2182 0000
     2000
     6000
     0550

2182 0000
     2000
     3000
     0330

2182 0000
     7000
     4000
     0230

 536 0000
     7000
     0200
     0020

2182 0000
     7000
     4000
     0220

  28 0000
     0000
     0005
     3700

  28 0000
     0000
     0005
     3100

  28 0000
     0000
     0005
     2600

 536 0000
     0050
     6000
     0200

 204 0000
     0000
     4300
     7300

 204 0000
     0000
     2400
     5700

 204 0000
     0000
     5700
     5500

2182 0000
     5000
     1000
     0330

 204 0000
     0000
     5700
     3600

 204 0000
     0000
     4600
     2600

 536 0000
     0070
     1000
     0600

 536 0000
     0070
     1000
     0500

 204 0000
     0000
     2400
     1600

2182 0000
     1000
     3000
     0630

2182 0000
     1000
     3000
     0550

 536 0000
     1000
     0300
     0060

2182 0000
     1000
     6000
     0350

2182 0000
     1000
     6000
     0240

2182 0000
     2000
     2000
     0560

2184 0000
     6000
     6000
     6000

2182 0000
     4000
     2000
     0320

2182 0000
     2000
     2000
     0330

2182 0000
     2000
     2000
     0260

2182 0000
     5000
     3000
     0650

2182 0000
     5000
     3000
     0410

2116 0000
     5000
     0600
     0100

 536 0000
     6000
     0300
     0060

2182 0000
     5000
     6000
     0360

  28 0000
     0000
     0006
     2600

 536 0000
     5000
     0600
     0060

2182 0000
     5000
     6000
     0230

2182 0000
     6000
     2000
     0520

2182 0000
     6000
     2000
     0420

2182 0000
     6000
     3000
     0360

2182 0000
     6000
     5000
     0560

2182 0000
     6000
     6000
     0560

 536 0000
     7000
     0500
     0060

2182 0000
     7000
     4000
     0360

2116 0000
     7000
     0200
     0200

2182 0000
     5000
     7000
     0350

2182 0000
     7000
     4000
     0470

2182 0000
     7000
     4000
     0560

  28 0000
     0000
     0005
     7500

2182 0000
     6000
     5000
     0230

2182 0000
     6000
     5000
     0250

2182 0000
     6000
     5000
     0310

2182 0000
     6000
     5000
     0360

2182 0000
     6000
     2000
     0360

2182 0000
     6000
     3000
     0410

