97 795 2
100 795 2
123 789 2
123 795 2
126 795 2
128 801 2
129 801 2
156 801 2
157 801 2
163 795 2
179 798 2
181 787 2
182 787 2
182 793 2
182 801 2
182 803 2
183 787 2
183 803 2
184 787 2
185 787 2
186 787 2
206 798 2
209 787 2
209 801 2
210 786 2
210 793 2
210 801 2
210 803 2
211 785 2
211 787 2
211 801 2
211 803 2
212 787 2
212 803 2
213 803 2
214 787 2
220 801 2
220 803 2
233 793 2
236 801 2
237 793 2
237 801 2
238 801 2
239 801 2
240 801 2
241 787 2
260 793 2
262 793 2
264 801 2
265 793 2
265 801 2
266 801 2
267 801 2
268 785 2
268 796 2
269 785 2
270 785 2
270 788 2
270 789 2
271 785 2
272 785 2
273 786 2
274 785 2
275 785 2
276 786 2
289 786 2
289 793 2
289 803 2
292 787 2
293 793 2
294 785 2
294 801 2
295 785 2
295 800 2
296 785 2
296 800 2
297 785 2
298 785 2
299 785 1
300 785 2
301 785 2
302 785 2
303 785 2
303 786 2
304 786 2
304 803 2
316 799 2
316 803 2
317 793 2
317 803 2
318 787 2
318 799 2
319 792 2
320 787 2
321 793 2
321 801 2
322 787 2
323 787 2
323 795 2
323 800 2
325 789 2
327 785 2
328 785 2
329 785 2
330 785 2
343 803 2
344 793 2
345 793 2
346 803 2
347 787 2
348 787 2
348 788 2
349 784 2
349 787 2
350 784 2
351 790 2
351 800 2
353 789 2
357 789 2
358 785 2
359 785 2
359 800 2
370 803 2
373 803 2
375 803 2
376 795 2
378 784 2
380 784 2
382 786 2
384 799 2
387 800 2
397 784 2
398 803 2
399 803 2
400 803 2
405 795 2
406 784 2
406 786 2
406 795 2
407 784 2
407 799 2
408 799 2
409 799 2
411 784 2
411 799 2
414 789 2
414 790 2
415 791 2
434 789 2
434 795 2
434 799 2
437 798 2
437 799 2
441 790 2
457 800 2
458 784 2
458 792 2
458 794 2
460 799 2
460 800 2
461 792 2
461 799 2
462 803 2
464 799 2
467 790 2
472 789 2
485 800 2
487 784 2
487 800 2
487 802 2
488 792 2
489 796 2
489 799 2
494 790 2
501 784 2
513 802 2
516 784 2
516 792 2
517 800 2
520 790 2
522 790 2
526 789 2
527 789 2
540 794 2
544 792 2
545 794 2
547 790 2
548 790 2
548 795 2
566 787 2
574 788 2
581 789 2
581 795 2
582 789 2
601 791 2
601 795 2
602 795 2
654 787 2
657 800 2
685 794 2
687 795 2
709 800 2
784 804 2
784 805 1
784 806 3
784 808 2
784 809 2
784 811 3
784 813 2
785 805 2
785 806 3
785 807 1
785 808 3
785 809 3
785 811 2
785 812 3
786 805 2
786 806 3
786 807 3
786 808 2
786 809 2
786 810 2
786 811 1
786 813 2
787 804 3
787 806 3
787 808 2
787 809 1
787 810 2
787 812 2
788 804 1
788 806 2
788 809 3
788 811 1
788 812 2
789 806 2
789 807 1
789 808 2
789 809 3
789 810 3
789 811 2
789 812 2
789 813 2
790 804 2
790 806 2
790 808 2
790 809 2
790 811 1
790 812 3
791 804 2
791 805 2
791 808 2
791 809 3
791 811 2
791 812 3
791 813 2
792 804 3
792 805 2
792 808 2
792 809 2
792 810 2
792 811 1
792 812 2
792 813 2
793 806 1
793 807 2
793 808 2
793 809 3
793 810 3
793 811 3
793 812 2
794 804 1
794 805 2
794 806 2
794 807 1
794 808 2
794 811 2
794 812 3
794 813 2
795 806 3
795 807 3
795 808 3
795 809 2
795 810 2
795 811 3
795 812 3
796 806 3
796 808 2
796 809 1
796 810 2
796 812 2
796 813 2
797 804 2
797 807 3
797 808 3
797 810 2
797 812 2
797 813 2
798 804 1
798 807 2
798 810 3
799 804 3
799 807 3
799 808 3
799 809 3
799 812 1
800 805 2
800 806 1
800 807 3
800 811 2
800 812 3
801 804 3
801 805 2
801 806 3
801 807 2
801 808 1
801 809 1
801 811 2
801 812 2
802 805 2
802 806 2
802 807 1
802 808 2
802 809 1
802 811 2
802 812 2
802 813 2
803 804 2
803 805 2
803 808 1
803 809 2
803 810 1
803 811 3
803 812 2
803 813 2
804 815 1
804 816 2
804 817 2
804 818 2
804 819 2
804 820 1
804 821 3
804 823 3
805 815 2
805 816 2
805 817 1
805 818 3
805 819 3
805 820 2
805 821 3
805 822 2
806 814 2
806 815 3
806 817 3
806 818 1
806 820 1
807 816 3
807 818 2
807 819 1
807 820 2
807 821 1
807 822 2
807 823 2
808 814 1
808 815 2
808 816 2
808 817 2
808 818 2
808 819 3
808 820 3
808 821 3
808 822 2
808 823 1
809 814 1
809 816 1
809 817 1
809 818 3
809 819 2
809 820 3
809 822 1
809 823 2
810 815 3
810 816 1
810 817 1
810 818 2
810 819 2
810 821 2
810 822 2
810 823 2
811 814 2
811 815 1
811 816 1
811 817 2
811 819 3
811 820 2
811 821 1
811 822 3
812 814 3
812 815 1
812 818 1
812 819 3
812 820 2
812 821 2
812 822 1
812 823 1
813 815 2
813 816 2
813 817 2
813 818 2
813 820 3
813 821 2
813 822 2
