
   Summary motif results
   =====================
mfinder Version 1.20

MOTIF FINDER RESULTS:

	Network name: inputGraph.txt
	Network type: Directed
	Num of Nodes: 65 Num of Edges: 102
	Num of Nodes with edges: 60
	Maximal out degree (out-hub) : 4
	Maximal in degree (in-hub) : 8
	Roots num: 26 Leaves num: 5
	Single Edges num: 102 Mutual Edges num: 0

	Motif size searched  4
	Total number of 4-node subgraphs : 1703
	Number of random networks generated : 100
	Random networks generation method: Switches
	Num of Switches range: 100.0-200.0, Success switches Ratio:0.802+-0.00

The following motifs were found:

Criteria taken : Nreal Zscore > 2.00
                 Pval ignored (due to small number of random networks)
                 Mfactor > 1.10
                 Uniqueness >= 4



	Full list includes 6 motifs
MOTIF	NREAL	NRAND		NREAL	NREAL	UNIQ	CREAL
ID		STATS		ZSCORE	PVAL	VAL	[MILI]	

14	23	16.9+-2.3	2.60	0.010	6	13.51

0 1 1 1 
0 0 0 0 
0 0 0 0 
0 0 0 0 

28	116	91.5+-8.1	3.04	0.000	6	68.12

0 0 1 1 
1 0 0 0 
0 0 0 0 
0 0 0 0 

76	341	295.1+-21.8	2.10	0.030	9	200.23

0 0 1 1 
0 0 1 0 
0 0 0 0 
0 0 0 0 

280	206	171.1+-13.2	2.65	0.000	10	120.96

0 0 0 1 
1 0 0 0 
1 0 0 0 
0 0 0 0 

392	528	385.9+-28.2	5.05	0.000	8	310.04

0 0 0 1 
0 0 0 1 
1 0 0 0 
0 0 0 0 

2184	142	122.5+-7.1	2.73	0.000	8	83.38

0 0 0 1 
0 0 0 1 
0 0 0 1 
0 0 0 0 




Full list of subgraphs size 4 ids:

	( Total num of different subgraphs size 4 is : 199 )

MOTIF	NREAL	NRAND		NREAL	NREAL	CREAL	UNIQ
ID		STATS		ZSCORE	PVAL	[MILI]	
14	23	16.9+-2.3	2.60	0.010	13.51	6

28	116	91.5+-8.1	3.04	0.000	68.12	6

30	0	0.0+-0.0	888888	1.000	0.00	0

74	148	158.0+-12.0	-0.84	0.830	86.91	6

76	341	295.1+-21.8	2.10	0.030	200.23	9

78	0	5.5+-2.2	-2.45	1.000	0.00	0

90	0	0.0+-0.0	888888	1.000	0.00	0

92	0	7.9+-3.2	-2.46	1.000	0.00	0

94	0	0.0+-0.0	888888	1.000	0.00	0

204	21	2.8+-1.6	11.68	0.000	12.33	3

206	0	0.1+-0.3	-0.35	1.000	0.00	0

222	0	0.0+-0.0	888888	1.000	0.00	0

280	206	171.1+-13.2	2.65	0.000	120.96	10

282	0	0.0+-0.0	888888	1.000	0.00	0

286	0	0.0+-0.0	888888	1.000	0.00	0

328	142	202.5+-17.8	-3.40	1.000	83.38	4

330	0	4.3+-4.0	-1.09	1.000	0.00	0

332	0	0.0+-0.0	888888	1.000	0.00	0

334	0	0.0+-0.0	888888	1.000	0.00	0

344	0	8.0+-3.4	-2.37	1.000	0.00	0

346	0	0.0+-0.0	888888	1.000	0.00	0

348	0	0.0+-0.0	888888	1.000	0.00	0

350	0	0.0+-0.0	888888	1.000	0.00	0

390	0	0.0+-0.0	888888	1.000	0.00	0

392	528	385.9+-28.2	5.05	0.000	310.04	8

394	0	10.7+-4.3	-2.47	1.000	0.00	0

396	0	0.0+-0.0	888888	1.000	0.00	0

398	0	0.0+-0.0	888888	1.000	0.00	0

404	0	0.0+-0.0	888888	1.000	0.00	0

406	0	0.0+-0.0	888888	1.000	0.00	0

408	0	15.3+-6.4	-2.40	1.000	0.00	0

410	0	0.0+-0.0	888888	1.000	0.00	0

412	0	0.0+-0.0	888888	1.000	0.00	0

414	0	0.0+-0.0	888888	1.000	0.00	0

454	0	0.0+-0.0	888888	1.000	0.00	0

456	0	8.8+-3.1	-2.84	1.000	0.00	0

458	0	0.2+-0.4	-0.50	1.000	0.00	0

460	0	0.0+-0.0	888888	1.000	0.00	0

462	0	0.0+-0.0	888888	1.000	0.00	0

468	0	0.0+-0.0	888888	1.000	0.00	0

470	0	0.0+-0.0	888888	1.000	0.00	0

472	0	0.3+-0.6	-0.52	1.000	0.00	0

474	0	0.0+-0.0	888888	1.000	0.00	0

476	0	0.0+-0.0	888888	1.000	0.00	0

478	0	0.0+-0.0	888888	1.000	0.00	0

856	0	0.0+-0.0	888888	1.000	0.00	0

858	0	0.0+-0.0	888888	1.000	0.00	0

862	0	0.0+-0.0	888888	1.000	0.00	0

904	36	4.2+-1.9	16.81	0.000	21.14	3

906	0	0.3+-0.5	-0.53	1.000	0.00	0

908	0	0.0+-0.0	888888	1.000	0.00	0

910	0	0.0+-0.0	888888	1.000	0.00	0

922	0	0.0+-0.0	888888	1.000	0.00	0

924	0	0.0+-0.0	888888	1.000	0.00	0

926	0	0.0+-0.0	888888	1.000	0.00	0

972	0	0.0+-0.0	888888	1.000	0.00	0

974	0	0.0+-0.0	888888	1.000	0.00	0

990	0	0.0+-0.0	888888	1.000	0.00	0

2184	142	122.5+-7.1	2.73	0.000	83.38	8

2186	0	18.5+-6.5	-2.84	1.000	0.00	0

2190	0	0.2+-0.5	-0.38	1.000	0.00	0

2202	0	0.0+-0.0	888888	1.000	0.00	0

2204	0	0.4+-0.7	-0.63	1.000	0.00	0

2206	0	0.0+-0.0	888888	1.000	0.00	0

2252	0	0.4+-0.6	-0.61	1.000	0.00	0

2254	0	0.0+-0.0	888888	1.000	0.00	0

2270	0	0.0+-0.0	888888	1.000	0.00	0

2458	0	0.0+-0.0	888888	1.000	0.00	0

2462	0	0.0+-0.0	888888	1.000	0.00	0

2506	0	0.0+-0.1	-0.10	1.000	0.00	0

2510	0	0.0+-0.0	888888	1.000	0.00	0

2524	0	0.0+-0.0	888888	1.000	0.00	0

2526	0	0.0+-0.0	888888	1.000	0.00	0

3038	0	0.0+-0.0	888888	1.000	0.00	0

4370	0	0.0+-0.0	888888	1.000	0.00	0

4374	0	0.0+-0.0	888888	1.000	0.00	0

4382	0	0.0+-0.0	888888	1.000	0.00	0

4418	0	9.5+-8.0	-1.18	1.000	0.00	0

4420	0	0.0+-0.0	888888	1.000	0.00	0

4422	0	0.0+-0.0	888888	1.000	0.00	0

4424	0	0.0+-0.0	888888	1.000	0.00	0

4426	0	0.0+-0.0	888888	1.000	0.00	0

4428	0	0.0+-0.0	888888	1.000	0.00	0

4430	0	0.0+-0.0	888888	1.000	0.00	0

4434	0	0.0+-0.0	888888	1.000	0.00	0

4436	0	0.0+-0.0	888888	1.000	0.00	0

4438	0	0.0+-0.0	888888	1.000	0.00	0

4440	0	0.0+-0.0	888888	1.000	0.00	0

4442	0	0.0+-0.0	888888	1.000	0.00	0

4444	0	0.0+-0.0	888888	1.000	0.00	0

4446	0	0.0+-0.0	888888	1.000	0.00	0

4546	0	0.1+-0.4	-0.26	1.000	0.00	0

4548	0	0.0+-0.0	888888	1.000	0.00	0

4550	0	0.0+-0.0	888888	1.000	0.00	0

4556	0	0.0+-0.0	888888	1.000	0.00	0

4558	0	0.0+-0.0	888888	1.000	0.00	0

4562	0	0.0+-0.0	888888	1.000	0.00	0

4564	0	0.0+-0.0	888888	1.000	0.00	0

4566	0	0.0+-0.0	888888	1.000	0.00	0

4572	0	0.0+-0.0	888888	1.000	0.00	0

4574	0	0.0+-0.0	888888	1.000	0.00	0

4678	0	0.0+-0.0	888888	1.000	0.00	0

4682	0	0.0+-0.0	888888	1.000	0.00	0

4686	0	0.0+-0.0	888888	1.000	0.00	0

4692	0	0.0+-0.0	888888	1.000	0.00	0

4694	0	0.0+-0.0	888888	1.000	0.00	0

4698	0	0.0+-0.0	888888	1.000	0.00	0

4700	0	0.0+-0.0	888888	1.000	0.00	0

4702	0	0.0+-0.0	888888	1.000	0.00	0

4740	0	1.4+-1.3	-1.11	1.000	0.00	0

4742	0	0.3+-0.5	-0.48	1.000	0.00	0

4748	0	0.0+-0.0	888888	1.000	0.00	0

4750	0	0.0+-0.0	888888	1.000	0.00	0

4758	0	0.0+-0.0	888888	1.000	0.00	0

4764	0	0.0+-0.0	888888	1.000	0.00	0

4766	0	0.0+-0.0	888888	1.000	0.00	0

4812	0	0.0+-0.0	888888	1.000	0.00	0

4814	0	0.0+-0.0	888888	1.000	0.00	0

4830	0	0.0+-0.0	888888	1.000	0.00	0

4946	0	0.0+-0.0	888888	1.000	0.00	0

4950	0	0.0+-0.0	888888	1.000	0.00	0

4952	0	0.0+-0.0	888888	1.000	0.00	0

4954	0	0.0+-0.0	888888	1.000	0.00	0

4958	0	0.0+-0.0	888888	1.000	0.00	0

4994	0	0.4+-1.0	-0.43	1.000	0.00	0

4998	0	0.0+-0.0	888888	1.000	0.00	0

5002	0	0.0+-0.0	888888	1.000	0.00	0

5004	0	0.0+-0.0	888888	1.000	0.00	0

5006	0	0.0+-0.0	888888	1.000	0.00	0

5010	0	0.0+-0.0	888888	1.000	0.00	0

5012	0	0.0+-0.0	888888	1.000	0.00	0

5014	0	0.0+-0.0	888888	1.000	0.00	0

5016	0	0.0+-0.0	888888	1.000	0.00	0

5018	0	0.0+-0.0	888888	1.000	0.00	0

5020	0	0.0+-0.0	888888	1.000	0.00	0

5022	0	0.0+-0.0	888888	1.000	0.00	0

5058	0	0.0+-0.0	888888	1.000	0.00	0

5062	0	0.0+-0.0	888888	1.000	0.00	0

5064	0	0.0+-0.0	888888	1.000	0.00	0

5066	0	0.0+-0.0	888888	1.000	0.00	0

5068	0	0.0+-0.0	888888	1.000	0.00	0

5070	0	0.0+-0.0	888888	1.000	0.00	0

5074	0	0.0+-0.0	888888	1.000	0.00	0

5076	0	0.0+-0.0	888888	1.000	0.00	0

5078	0	0.0+-0.0	888888	1.000	0.00	0

5080	0	0.0+-0.0	888888	1.000	0.00	0

5082	0	0.0+-0.0	888888	1.000	0.00	0

5084	0	0.0+-0.0	888888	1.000	0.00	0

5086	0	0.0+-0.0	888888	1.000	0.00	0

6342	0	0.0+-0.0	888888	1.000	0.00	0

6348	0	0.0+-0.0	888888	1.000	0.00	0

6350	0	0.0+-0.0	888888	1.000	0.00	0

6356	0	0.0+-0.0	888888	1.000	0.00	0

6358	0	0.0+-0.0	888888	1.000	0.00	0

6364	0	0.0+-0.0	888888	1.000	0.00	0

6366	0	0.0+-0.0	888888	1.000	0.00	0

6550	0	0.0+-0.0	888888	1.000	0.00	0

6552	0	0.0+-0.0	888888	1.000	0.00	0

6554	0	0.0+-0.0	888888	1.000	0.00	0

6558	0	0.0+-0.0	888888	1.000	0.00	0

6598	0	0.0+-0.0	888888	1.000	0.00	0

6602	0	0.0+-0.0	888888	1.000	0.00	0

6604	0	0.0+-0.0	888888	1.000	0.00	0

6606	0	0.0+-0.0	888888	1.000	0.00	0

6614	0	0.0+-0.0	888888	1.000	0.00	0

6616	0	0.0+-0.0	888888	1.000	0.00	0

6618	0	0.0+-0.0	888888	1.000	0.00	0

6620	0	0.0+-0.0	888888	1.000	0.00	0

6622	0	0.0+-0.0	888888	1.000	0.00	0

6854	0	0.0+-0.0	888888	1.000	0.00	0

6858	0	0.0+-0.0	888888	1.000	0.00	0

6862	0	0.0+-0.0	888888	1.000	0.00	0

6870	0	0.0+-0.0	888888	1.000	0.00	0

6874	0	0.0+-0.0	888888	1.000	0.00	0

6876	0	0.0+-0.0	888888	1.000	0.00	0

6878	0	0.0+-0.0	888888	1.000	0.00	0

7126	0	0.0+-0.0	888888	1.000	0.00	0

7128	0	0.0+-0.0	888888	1.000	0.00	0

7130	0	0.0+-0.0	888888	1.000	0.00	0

7134	0	0.0+-0.0	888888	1.000	0.00	0

13142	0	0.0+-0.0	888888	1.000	0.00	0

13146	0	0.0+-0.0	888888	1.000	0.00	0

13148	0	0.0+-0.0	888888	1.000	0.00	0

13150	0	0.0+-0.0	888888	1.000	0.00	0

13260	0	0.0+-0.0	888888	1.000	0.00	0

13262	0	0.0+-0.0	888888	1.000	0.00	0

13278	0	0.0+-0.0	888888	1.000	0.00	0

14678	0	0.0+-0.0	888888	1.000	0.00	0

14686	0	0.0+-0.0	888888	1.000	0.00	0

14790	0	0.0+-0.0	888888	1.000	0.00	0

14798	0	0.0+-0.0	888888	1.000	0.00	0

14810	0	0.0+-0.0	888888	1.000	0.00	0

14812	0	0.0+-0.0	888888	1.000	0.00	0

14814	0	0.0+-0.0	888888	1.000	0.00	0

15258	0	0.0+-0.0	888888	1.000	0.00	0

15262	0	0.0+-0.0	888888	1.000	0.00	0

15310	0	0.0+-0.0	888888	1.000	0.00	0

15326	0	0.0+-0.0	888888	1.000	0.00	0

31710	0	0.0+-0.0	888888	1.000	0.00	0



 (Application total runtime was:   10.0 seconds.)

 (Real network processing runtime was:    0.0 seconds.)

 (Single Random network processing runtime was:    0.1 seconds.)
