784 804 2
784 805 1
784 806 2
784 807 2
784 808 2
784 811 3
784 813 2
785 805 2
785 807 2
785 808 3
785 809 3
785 811 2
785 812 2
786 805 2
786 806 2
786 807 3
786 808 2
786 813 2
787 806 3
787 809 2
788 804 2
788 806 2
788 809 2
788 812 2
789 806 2
789 807 2
789 808 2
789 809 2
789 812 2
789 813 2
790 805 2
790 806 2
790 807 2
790 808 2
790 809 2
790 811 2
790 812 2
791 809 2
791 811 2
791 812 2
791 813 2
792 804 2
792 805 2
792 806 2
792 809 2
792 810 2
792 811 2
792 813 2
793 805 2
793 806 2
793 807 2
793 808 2
793 810 2
793 811 2
793 812 2
794 804 2
794 805 2
794 807 2
794 808 2
794 812 2
794 813 2
795 804 2
795 806 2
795 808 2
795 811 2
795 812 2
796 804 2
796 806 2
796 810 2
796 812 2
796 813 2
797 807 2
797 810 2
797 812 2
797 813 2
798 804 1
798 807 2
798 808 2
798 810 3
799 807 2
799 808 2
799 809 2
799 810 2
799 811 2
799 812 1
800 804 2
800 805 2
800 806 1
800 811 2
800 812 2
801 805 2
801 806 2
801 807 2
801 808 2
801 809 1
801 811 2
801 812 2
802 804 2
802 805 2
802 807 2
802 808 2
802 809 2
802 813 2
803 804 2
803 805 2
803 808 1
803 809 2
803 810 1
803 811 3
803 813 2
804 814 2
804 815 1
804 816 3
804 817 2
804 818 2
804 821 3
804 823 2
805 815 2
805 816 2
805 817 1
805 818 3
805 819 3
805 820 2
805 821 3
805 822 2
806 815 2
806 816 2
806 817 3
806 818 2
806 821 2
806 823 2
807 816 3
807 819 2
808 814 2
808 816 2
808 819 2
808 820 2
808 822 2
809 816 2
809 817 1
809 818 3
809 819 3
809 820 2
809 821 2
809 822 2
809 823 2
810 814 2
810 815 2
810 816 1
810 817 2
810 818 2
810 819 2
810 821 1
810 822 2
811 815 2
811 819 2
811 821 2
811 822 2
811 823 1
812 814 2
812 815 2
812 816 2
812 818 2
812 819 2
812 820 2
812 821 1
812 822 2
812 823 1
813 815 2
813 816 2
813 817 2
813 818 2
813 820 3
813 821 2
813 822 2
