0 34 1
0 35 2
0 42 2
0 44 2
0 45 2
0 46 2
0 47 2
0 48 2
0 49 2
1 36 2
1 42 2
1 46 2
1 47 2
1 49 2
2 32 2
2 37 2
2 44 2
2 45 1
2 49 2
3 35 2
3 39 3
3 40 2
3 46 2
3 49 2
4 37 2
4 38 2
4 42 2
4 43 2
4 46 3
4 48 2
5 32 2
5 34 2
5 36 2
5 37 2
5 41 2
5 49 2
6 32 2
6 43 2
6 46 2
6 48 2
6 49 1
6 50 2
7 34 2
7 37 2
7 38 2
7 44 2
7 50 2
8 33 2
8 42 3
8 50 2
9 34 2
9 42 2
9 43 2
10 34 2
10 42 2
10 46 2
11 34 2
11 36 2
11 38 2
11 39 2
11 41 2
11 46 2
12 36 3
12 44 1
12 47 2
13 32 2
13 34 2
13 37 2
13 49 2
14 31 2
14 38 2
14 41 2
14 46 1
14 48 2
15 32 2
15 37 2
15 41 2
16 34 2
17 33 2
17 37 1
17 39 2
17 40 2
17 42 2
17 45 1
17 47 2
18 35 2
18 38 2
18 42 2
18 45 2
18 47 2
18 49 2
19 33 2
19 42 2
19 45 2
19 50 2
20 35 2
20 37 2
20 39 1
20 47 2
20 49 2
20 50 3
21 35 2
21 40 2
21 45 2
22 32 2
22 40 2
22 43 2
22 44 2
22 49 2
23 34 2
23 39 2
23 43 2
23 46 2
23 47 2
24 31 2
24 42 2
24 43 2
24 46 2
25 34 2
25 35 2
25 36 2
25 41 2
25 46 2
25 49 3
25 50 2
26 33 2
26 34 2
26 35 2
26 36 2
26 40 2
26 41 2
26 46 2
27 34 2
27 36 2
27 38 2
27 39 2
27 42 2
27 43 2
27 46 3
27 47 2
27 49 2
28 33 2
28 46 2
28 48 1
29 34 2
29 39 2
29 42 2
29 46 2
30 40 2
31 54 1
31 55 2
31 62 1
31 63 2
31 64 2
31 65 3
31 66 2
31 67 2
31 68 2
31 69 2
32 56 2
32 62 2
32 66 2
32 67 2
32 69 2
32 70 2
33 52 1
33 53 2
33 57 2
33 64 2
33 65 1
33 69 2
34 55 2
34 58 2
34 59 3
34 60 1
34 64 2
34 66 2
34 69 2
35 57 2
35 58 2
35 62 2
35 63 2
35 66 3
35 68 2
36 51 2
36 52 1
36 54 2
36 56 2
36 57 2
36 61 2
36 69 2
37 52 2
37 63 2
37 66 2
37 68 2
37 69 1
37 70 2
38 53 2
38 54 2
38 57 2
38 58 2
38 64 3
38 70 3
39 53 2
39 62 3
39 67 2
39 70 2
40 54 2
40 62 2
40 63 2
41 54 2
41 62 2
41 66 1
41 67 2
41 68 2
42 54 2
42 56 2
42 58 2
42 59 2
42 61 1
42 63 2
42 66 2
43 56 3
43 57 2
43 61 2
43 64 1
43 65 2
43 67 3
44 52 2
44 54 2
44 57 2
44 69 2
45 51 2
45 58 2
45 59 2
45 61 2
45 66 1
45 68 2
46 52 2
46 57 2
46 61 3
46 65 2
46 68 2
47 51 2
47 54 1
47 57 2
47 60 2
47 69 2
48 52 2
48 53 2
48 57 1
48 59 2
48 60 1
48 62 2
48 65 1
48 67 2
49 55 2
49 58 2
49 62 2
49 65 1
49 67 2
49 68 2
49 69 2
50 53 2
50 55 2
50 58 2
50 62 3
50 65 2
50 70 2
51 74 1
52 71 2
53 74 1
54 71 2
54 72 1
54 73 3
54 74 3
55 71 2
55 72 1
55 73 2
57 72 1
58 71 2
58 73 2
58 74 3
59 74 3
60 71 1
60 73 3
60 74 2
61 72 1
61 73 2
62 71 2
62 73 1
63 71 2
64 72 3
64 73 1
64 74 2
65 72 2
65 73 1
66 71 2
66 74 2
67 71 1
67 73 2
67 74 2
68 71 3
68 72 1
68 73 2
69 72 2
69 74 2
70 73 1
