0 33 2
0 35 2
0 41 1
0 47 2
0 50 1
0 56 2
1 35 2
1 46 2
2 33 2
2 44 2
2 47 2
2 49 2
2 54 2
2 60 2
3 31 1
3 47 2
3 52 2
3 55 2
3 59 2
3 60 2
4 39 2
4 40 1
4 41 2
4 48 2
4 55 2
5 31 2
5 33 2
5 39 2
5 51 2
5 54 2
5 55 2
5 56 2
6 31 2
6 32 2
6 33 2
6 37 2
6 43 2
6 52 2
6 56 2
7 39 1
7 45 2
7 50 2
7 53 2
7 60 2
8 38 2
8 48 1
8 52 2
8 59 3
9 35 2
9 41 2
9 43 2
9 46 2
9 54 2
10 33 2
10 39 2
10 49 2
10 59 2
11 39 2
11 45 2
11 46 2
11 59 3
12 39 2
12 53 2
12 57 2
12 59 2
12 60 2
13 38 2
13 43 2
13 48 2
13 53 2
13 60 1
14 32 2
14 35 2
14 39 2
14 41 2
14 50 2
14 54 2
15 37 2
15 39 2
15 43 2
15 49 2
15 52 2
16 31 2
16 40 2
16 41 1
16 54 1
16 58 2
17 42 2
17 43 2
17 45 2
17 47 2
17 52 2
17 53 2
18 35 2
18 37 2
18 38 2
18 40 2
18 50 1
18 51 2
19 38 2
19 39 2
19 48 2
19 54 2
19 56 2
20 32 2
20 37 2
20 39 2
20 40 2
20 45 2
20 47 2
20 56 2
21 36 2
21 37 2
21 39 2
21 42 2
21 46 2
21 48 2
21 58 2
22 31 2
22 37 2
22 38 2
22 42 2
22 53 2
22 54 2
22 55 2
23 37 2
23 38 2
23 47 2
24 41 2
24 42 2
24 46 2
24 48 1
24 51 2
24 53 2
24 54 1
24 55 2
25 37 2
25 47 1
25 48 2
25 51 2
25 60 2
26 38 2
26 47 2
26 56 3
26 57 1
27 40 3
27 52 2
28 36 2
28 47 1
28 49 2
28 51 2
28 52 2
28 57 2
29 33 2
29 36 2
29 39 2
29 50 2
29 53 2
29 60 2
30 32 1
30 38 2
30 41 1
30 43 1
30 55 2
30 60 2
31 63 2
31 65 2
31 71 1
31 77 2
31 80 1
31 86 2
32 65 2
32 76 2
33 63 2
33 74 2
33 77 2
33 79 2
33 84 2
33 90 2
34 61 1
34 77 2
34 82 2
34 85 2
34 89 2
34 90 2
35 69 2
35 70 1
35 71 2
35 78 2
35 85 2
36 61 2
36 63 2
36 69 2
36 81 2
36 84 2
36 85 2
36 86 2
37 61 2
37 62 2
37 63 2
37 67 2
37 73 2
37 82 2
37 86 2
38 69 1
38 75 2
38 80 2
38 83 2
38 90 2
39 68 2
39 78 1
39 82 2
39 89 3
40 65 2
40 71 2
40 73 2
40 76 2
40 84 2
41 63 2
41 69 2
41 79 2
41 89 2
42 69 2
42 75 2
42 76 2
42 89 3
43 69 2
43 83 2
43 87 2
43 89 2
43 90 2
44 68 2
44 73 2
44 78 2
44 83 2
44 90 1
45 62 2
45 65 2
45 69 2
45 71 2
45 80 2
45 84 2
46 67 2
46 69 2
46 73 2
46 79 2
46 82 2
47 61 2
47 70 2
47 71 1
47 84 1
47 88 2
48 72 2
48 73 2
48 75 2
48 77 2
48 82 2
48 83 2
49 65 2
49 67 2
49 68 2
49 70 2
49 80 1
49 81 2
50 68 2
50 69 2
50 78 2
50 84 2
50 86 2
51 62 2
51 67 2
51 69 2
51 70 2
51 75 2
51 77 2
51 86 2
52 66 2
52 67 2
52 69 2
52 72 2
52 76 2
52 78 2
52 88 2
53 61 2
53 67 2
53 68 2
53 72 2
53 83 2
53 84 2
53 85 2
54 67 2
54 68 2
54 77 2
55 71 2
55 72 2
55 76 2
55 78 1
55 81 2
55 83 2
55 84 1
55 85 2
56 67 2
56 77 1
56 78 2
56 81 2
56 90 2
57 68 2
57 77 2
57 86 3
57 87 1
58 70 3
58 82 2
59 66 2
59 77 1
59 79 2
59 81 2
59 82 2
59 87 2
60 63 2
60 66 2
60 69 2
60 80 2
60 83 2
60 90 2
61 93 2
62 91 2
63 93 1
65 91 2
65 94 1
67 92 2
69 93 2
72 92 2
76 93 2
79 92 2
80 91 2
80 93 2
81 94 2
83 92 2
83 93 1
87 93 2
88 94 2
89 93 2
90 93 2
90 94 2
