0 33 3
0 35 2
0 38 2
0 41 2
0 42 2
0 43 2
0 45 2
0 48 2
1 31 2
1 33 2
1 38 2
1 40 1
1 42 2
1 43 2
1 44 2
1 45 2
2 33 2
2 36 2
2 38 3
2 42 2
2 43 1
2 44 2
3 31 2
3 34 2
3 35 2
3 42 1
3 43 3
3 44 1
3 48 3
4 31 2
4 34 2
4 35 2
4 36 2
4 39 2
4 40 2
4 42 2
4 43 2
4 48 1
5 31 3
5 33 1
5 35 1
5 39 2
5 40 2
5 41 2
5 42 2
5 45 3
6 31 1
6 32 2
6 34 1
6 35 2
6 36 2
6 38 3
6 40 2
6 43 2
6 46 2
6 48 2
7 31 2
7 36 2
7 38 2
7 42 1
7 43 2
7 45 2
8 31 1
8 41 2
8 42 1
8 43 2
9 36 2
9 43 2
9 45 2
9 46 2
9 47 2
9 49 2
10 43 2
10 49 2
11 31 2
11 33 2
11 35 2
11 41 2
11 48 1
12 33 1
12 36 2
12 40 2
12 47 2
12 48 2
12 49 2
13 34 2
13 35 2
13 36 2
13 49 2
14 34 2
14 36 2
14 47 2
15 31 2
15 36 2
15 41 2
15 42 2
15 47 3
15 50 2
16 36 2
16 37 2
16 43 2
16 44 2
17 34 2
17 36 2
17 41 2
17 42 1
17 46 2
18 40 2
18 42 2
19 32 2
19 33 2
19 41 2
19 48 2
19 49 2
20 33 2
20 39 2
20 41 2
20 42 2
20 43 2
20 45 2
20 47 2
20 48 2
21 32 2
21 36 2
21 38 2
21 45 2
22 36 2
22 43 2
22 44 2
23 31 2
23 36 2
23 38 2
23 43 2
23 44 2
23 45 2
23 47 2
23 48 2
24 38 2
24 43 2
24 46 2
25 31 2
25 33 1
25 36 2
25 46 2
25 50 2
26 33 2
26 41 2
26 42 2
26 48 2
27 31 2
27 39 2
27 48 2
27 49 2
28 34 2
28 46 2
28 50 2
29 31 2
29 32 2
29 33 2
29 42 2
29 46 2
29 49 2
30 33 2
30 36 2
30 44 2
30 48 2
31 51 3
31 53 3
31 54 2
31 55 2
31 63 3
31 64 2
31 67 2
32 60 2
33 51 1
33 54 3
33 58 3
33 62 2
33 63 2
34 51 2
34 54 2
34 55 2
34 57 2
34 58 2
34 63 3
34 64 2
34 65 2
35 51 2
35 52 2
35 54 2
35 59 2
35 62 2
35 63 2
35 68 2
36 58 2
36 59 2
36 61 2
36 62 3
36 63 2
36 65 3
36 67 2
36 70 2
37 51 2
37 52 2
37 54 2
37 58 2
38 52 2
38 54 2
38 58 2
38 62 2
38 64 2
38 65 2
38 67 2
39 51 2
39 61 2
39 66 2
40 52 2
40 54 2
40 56 2
40 58 2
40 62 2
40 63 2
40 64 2
40 66 2
40 67 3
40 69 2
41 58 2
41 62 3
41 69 2
42 51 2
42 52 2
42 53 2
42 58 2
42 62 2
42 63 2
42 64 2
42 67 3
42 68 1
42 70 3
43 52 2
43 53 2
43 54 3
43 56 2
43 58 3
43 59 2
43 60 2
43 61 2
43 67 1
43 68 3
44 51 2
44 64 2
44 65 2
44 67 2
44 69 2
45 51 2
45 53 3
45 54 2
45 55 2
45 58 2
45 67 3
45 70 2
46 64 2
46 67 3
46 70 2
47 54 2
47 57 2
47 64 2
47 66 2
48 54 3
48 56 2
48 58 3
48 61 2
48 62 2
48 66 2
48 68 2
49 54 2
49 60 2
49 62 2
50 52 2
50 64 2
50 69 2
51 72 1
51 73 3
51 74 2
52 71 1
52 72 2
52 73 2
53 71 2
53 73 3
53 74 2
54 71 3
54 72 3
54 73 1
57 73 2
58 71 3
58 72 1
58 73 1
58 74 2
59 73 2
62 71 2
62 72 2
62 73 2
62 74 3
63 71 1
63 72 1
63 73 3
64 71 2
64 72 3
64 73 2
64 74 1
65 71 2
65 74 2
67 71 1
67 72 3
67 73 2
68 71 3
68 74 2
69 71 2
69 72 2
70 71 1
70 73 2
