0 39 2.0 
1 35 1.0 
1 42 3.0 
1 49 1.0 
2 40 2.0 
2 48 3.0 
3 37 2.0 
3 42 3.0 
4 47 3.0 
5 32 1.0 
5 33 1.0 
5 37 3.0 
5 46 1.0 
6 44 3.0 
6 47 3.0 
7 42 2.0 
7 45 2.0 
7 48 3.0 
7 50 3.0 
8 32 2.0 
8 34 3.0 
8 40 2.0 
8 43 2.0 
9 33 1.0 
9 35 2.0 
9 40 3.0 
9 46 2.0 
9 50 2.0 
10 31 3.0 
10 42 3.0 
10 44 2.0 
10 45 2.0 
10 46 2.0 
11 32 3.0 
11 40 2.0 
11 47 1.0 
11 48 2.0 
12 36 3.0 
12 45 3.0 
12 47 1.0 
13 31 3.0 
13 34 1.0 
13 35 2.0 
13 39 3.0 
13 48 2.0 
13 50 2.0 
14 31 3.0 
14 35 3.0 
14 36 3.0 
14 37 2.0 
14 46 3.0 
15 32 2.0 
15 36 3.0 
15 50 1.0 
16 42 3.0 
16 48 2.0 
17 36 2.0 
17 48 3.0 
17 50 3.0 
18 38 1.0 
18 44 3.0 
18 45 1.0 
19 41 3.0 
19 47 3.0 
20 31 3.0 
20 45 2.0 
21 32 2.0 
21 37 1.0 
21 39 2.0 
21 42 1.0 
21 43 1.0 
21 46 3.0 
21 47 2.0 
21 48 3.0 
21 50 2.0 
22 31 3.0 
22 33 3.0 
23 32 3.0 
23 40 1.0 
23 42 3.0 
23 45 2.0 
23 47 3.0 
24 31 1.0 
24 32 1.0 
24 37 3.0 
24 40 2.0 
24 41 2.0 
24 42 1.0 
24 46 1.0 
25 38 3.0 
25 39 3.0 
25 48 3.0 
26 33 3.0 
26 49 2.0 
27 31 3.0 
27 34 2.0 
27 36 1.0 
27 48 3.0 
28 38 3.0 
28 45 2.0 
28 48 2.0 
29 36 2.0 
29 41 3.0 
29 45 2.0 
29 49 3.0 
30 33 2.0 
30 42 3.0 
30 45 3.0 
31 55 3.0 
31 59 1.0 
32 51 3.0 
32 57 2.0 
32 58 2.0 
32 60 3.0 
33 54 3.0 
33 55 1.0 
34 52 3.0 
34 59 1.0 
35 52 3.0 
35 60 1.0 
36 58 3.0 
37 52 2.0 
37 55 2.0 
37 57 1.0 
37 58 3.0 
38 52 3.0 
38 53 2.0 
40 52 3.0 
40 57 3.0 
41 52 1.0 
41 53 1.0 
41 57 3.0 
41 59 3.0 
42 53 3.0 
42 54 2.0 
42 56 1.0 
43 59 3.0 
44 53 3.0 
44 54 3.0 
44 57 3.0 
46 52 1.0 
46 55 1.0 
46 58 3.0 
46 60 3.0 
47 51 2.0 
47 52 1.0 
47 53 2.0 
47 54 3.0 
47 60 1.0 
48 53 1.0 
49 53 1.0 
49 55 1.0 
49 60 3.0 
50 55 3.0 
50 56 1.0 
50 58 2.0 
50 60 1.0 
51 61 3.0 
51 62 3.0 
52 61 3.0 
52 62 1.0 
53 61 1.0 
53 63 3.0 
54 62 2.0 
54 63 2.0 
55 61 1.0 
55 62 1.0 
55 63 3.0 
55 64 3.0 
56 62 2.0 
56 64 3.0 
57 61 1.0 
58 64 3.0 
59 64 2.0 
60 61 2.0 
60 63 1.0 
60 64 3.0 
