0 34 2.0 
0 39 2.0 
1 34 3.0 
1 35 1.0 
1 49 2.0 
2 32 2.0 
2 40 2.0 
2 48 2.0 
3 32 2.0 
3 34 2.0 
3 36 2.0 
3 37 2.0 
3 42 2.0 
4 35 1.0 
4 43 2.0 
4 47 3.0 
5 32 1.0 
5 33 2.0 
5 37 2.0 
5 44 2.0 
5 46 1.0 
6 32 2.0 
6 43 2.0 
6 44 2.0 
7 50 2.0 
8 34 2.0 
9 33 2.0 
9 35 1.0 
10 31 2.0 
10 42 2.0 
10 45 2.0 
11 32 2.0 
11 47 2.0 
11 48 2.0 
12 36 2.0 
12 45 2.0 
12 47 2.0 
13 31 2.0 
13 34 2.0 
13 35 2.0 
13 39 2.0 
13 48 2.0 
13 50 2.0 
14 31 2.0 
14 32 2.0 
14 33 2.0 
14 46 3.0 
14 49 2.0 
15 32 2.0 
15 50 2.0 
17 36 2.0 
17 50 2.0 
18 38 2.0 
18 45 2.0 
19 41 2.0 
19 47 2.0 
20 45 2.0 
21 36 2.0 
21 37 2.0 
21 39 2.0 
21 42 2.0 
21 43 2.0 
21 46 3.0 
21 48 2.0 
22 33 2.0 
23 36 2.0 
23 40 2.0 
23 41 2.0 
23 42 2.0 
23 44 2.0 
23 47 2.0 
23 48 2.0 
24 31 2.0 
24 32 2.0 
24 37 2.0 
24 40 2.0 
24 42 2.0 
24 46 2.0 
25 38 2.0 
25 48 2.0 
26 33 2.0 
27 31 2.0 
27 34 2.0 
27 36 2.0 
28 38 2.0 
28 45 2.0 
28 48 2.0 
29 36 2.0 
29 41 2.0 
29 42 2.0 
29 45 2.0 
29 49 2.0 
30 35 2.0 
30 42 2.0 
30 45 2.0 
31 51 2.0 
31 55 2.0 
32 51 3.0 
32 58 2.0 
32 59 2.0 
32 60 3.0 
33 54 2.0 
33 55 1.0 
34 52 3.0 
34 59 1.0 
34 60 2.0 
35 52 3.0 
35 59 3.0 
35 60 1.0 
36 58 3.0 
36 59 3.0 
37 57 2.0 
37 58 3.0 
38 52 2.0 
38 53 2.0 
39 51 2.0 
39 52 2.0 
39 59 2.0 
40 57 2.0 
40 60 2.0 
41 52 2.0 
41 53 2.0 
41 57 2.0 
41 59 2.0 
42 53 2.0 
42 56 2.0 
42 58 2.0 
42 60 2.0 
43 51 2.0 
43 59 3.0 
43 60 2.0 
44 53 2.0 
44 54 3.0 
44 57 2.0 
44 60 2.0 
45 59 2.0 
46 52 1.0 
46 55 2.0 
46 58 2.0 
46 60 3.0 
47 51 2.0 
47 52 1.0 
47 53 2.0 
47 54 3.0 
47 58 2.0 
48 51 2.0 
48 53 2.0 
48 58 2.0 
48 60 2.0 
49 53 2.0 
49 55 2.0 
49 58 3.0 
49 60 3.0 
50 55 2.0 
50 56 2.0 
50 60 2.0 
51 61 2.0 
51 62 3.0 
52 61 3.0 
52 62 1.0 
52 64 1.0 
53 61 1.0 
53 63 3.0 
54 62 2.0 
54 63 2.0 
54 64 2.0 
55 61 2.0 
55 62 2.0 
55 63 2.0 
55 64 2.0 
56 62 2.0 
56 64 3.0 
57 61 1.0 
58 62 1.0 
58 63 3.0 
58 64 3.0 
59 61 1.0 
59 62 2.0 
59 63 3.0 
59 64 1.0 
60 61 2.0 
60 63 1.0 
60 64 3.0 
