122 797 2
127 795 2
129 787 2
130 787 2
151 785 2
159 787 2
160 787 2
183 796 2
188 787 2
204 793 2
205 793 2
206 785 2
206 793 2
208 791 2
209 794 2
210 796 2
211 793 2
211 795 2
212 794 2
214 792 2
215 793 2
215 796 2
218 787 2
233 793 2
236 798 2
238 787 2
238 796 2
239 787 2
240 796 2
240 800 2
241 796 2
242 790 2
246 787 2
247 787 2
248 787 2
248 790 2
258 786 2
261 789 2
262 789 2
263 799 2
265 802 2
266 787 2
267 787 2
267 799 2
268 799 2
269 798 2
273 787 2
274 787 2
276 786 2
276 799 2
289 799 2
290 802 2
291 799 2
292 799 2
292 802 2
293 785 2
293 801 2
293 802 2
294 798 2
294 802 2
295 798 2
295 801 2
296 792 2
296 799 2
297 793 2
298 792 2
299 798 2
300 790 2
300 798 2
301 787 2
301 789 2
303 787 2
304 797 2
313 793 2
314 799 2
315 799 2
316 802 2
317 802 2
318 785 2
318 802 2
319 802 2
320 785 2
320 801 2
320 802 2
321 785 2
321 793 2
321 798 2
321 801 2
321 802 2
322 784 2
322 793 2
322 798 2
323 798 2
323 801 2
324 796 2
325 790 2
326 790 2
328 790 2
328 800 2
329 798 2
330 800 2
331 786 2
331 800 2
332 786 2
343 802 2
344 802 2
345 793 2
345 802 2
346 802 2
347 785 2
347 786 2
347 789 2
348 785 2
348 786 2
349 789 2
349 793 2
349 801 2
349 803 2
350 793 2
350 801 2
351 801 2
354 790 2
356 790 2
368 790 2
370 802 2
373 785 2
373 786 2
374 785 2
374 786 2
375 785 2
375 786 2
377 793 2
379 790 2
379 801 2
380 787 2
387 784 2
402 785 2
403 790 2
403 803 2
404 803 2
405 793 2
405 799 2
406 799 2
407 790 2
408 799 2
409 790 2
429 802 2
433 784 2
433 799 2
433 801 2
434 791 2
434 799 2
434 801 2
435 799 2
435 801 2
437 786 2
437 790 2
454 802 2
455 788 2
457 802 2
461 799 2
461 801 2
462 791 2
462 801 2
467 796 2
472 790 2
482 802 2
484 795 2
485 795 2
486 791 2
487 791 2
488 795 2
489 795 2
489 801 2
490 795 2
490 801 2
493 803 2
515 799 2
516 785 2
516 791 2
516 795 2
517 795 2
517 796 2
521 795 2
528 790 2
544 792 2
544 798 2
545 795 2
545 798 2
547 790 2
547 792 2
567 786 2
570 796 2
572 794 2
579 784 2
597 796 2
624 796 2
625 796 2
627 796 2
654 796 2
655 796 2
680 795 2
686 803 2
711 791 2
711 795 2
712 791 2
713 795 2
784 804 2
784 805 1
784 806 3
784 807 2
784 808 3
784 811 2
784 812 2
784 813 2
785 804 1
785 805 2
785 807 3
785 809 2
785 810 2
785 811 2
785 812 2
785 813 3
786 805 2
786 806 2
786 807 1
786 809 3
786 811 2
786 812 2
786 813 2
787 804 1
787 805 3
787 806 3
787 809 2
787 810 2
787 811 2
787 812 2
788 804 2
788 807 2
788 808 1
788 809 3
788 812 2
789 804 1
789 805 3
789 806 2
789 807 1
789 808 2
789 809 1
789 810 2
789 811 2
790 804 2
790 805 1
790 806 2
790 807 2
790 808 1
790 809 2
790 810 2
790 811 3
790 812 3
790 813 2
791 804 2
791 805 2
791 806 3
791 807 2
791 808 3
791 809 3
791 810 2
791 811 2
791 812 1
791 813 2
792 804 2
792 807 1
792 808 2
792 809 2
792 810 1
792 811 1
792 813 2
793 804 2
793 805 3
793 806 2
793 807 2
793 809 1
793 810 2
793 811 2
793 812 1
793 813 3
794 805 2
794 806 2
794 808 3
794 809 2
794 812 1
794 813 2
795 804 3
795 806 1
795 807 2
795 808 2
795 809 2
795 810 2
795 811 1
795 812 3
795 813 2
796 805 3
796 807 3
796 808 3
796 809 3
796 810 2
796 812 2
796 813 2
797 804 3
797 808 2
797 809 2
797 811 2
798 805 2
798 807 3
798 811 1
798 813 2
799 804 2
799 805 3
799 807 1
799 808 3
799 809 2
799 811 3
799 812 3
799 813 3
800 804 1
800 805 2
800 806 2
800 808 2
800 812 3
800 813 2
801 804 2
801 805 1
801 806 2
801 808 3
801 809 2
801 812 2
801 813 3
802 805 3
802 806 2
802 807 1
802 808 2
802 809 1
802 810 2
802 811 1
802 813 2
803 804 2
803 806 1
803 808 3
803 809 2
803 811 3
803 812 2
803 813 2
804 814 1
804 815 1
804 816 2
804 817 1
804 818 3
804 819 3
804 820 1
804 821 1
805 814 3
805 815 1
805 816 3
805 818 1
805 819 1
805 820 1
805 821 3
805 822 1
805 823 2
806 814 2
806 815 3
806 817 1
806 818 2
806 819 1
806 821 2
806 822 1
806 823 3
807 814 3
807 815 2
807 817 1
807 818 1
807 819 3
807 820 2
807 821 2
807 822 3
807 823 1
808 814 2
808 815 3
808 816 2
808 817 3
808 818 1
808 819 2
808 820 3
808 821 1
808 822 2
808 823 1
809 814 3
809 815 1
809 816 2
809 817 1
809 818 3
809 820 3
809 821 1
809 822 1
809 823 3
810 817 2
810 818 1
810 820 2
810 821 2
810 822 2
810 823 2
811 814 1
811 815 1
811 816 2
811 817 2
811 818 2
811 819 1
811 820 2
811 821 1
811 822 3
812 814 2
812 815 2
812 816 1
812 817 3
812 818 1
812 820 1
812 821 2
812 822 2
812 823 3
813 814 2
813 815 2
813 817 2
813 818 3
813 819 2
813 820 1
813 821 3
813 822 1
813 823 1
