0 32 2
0 33 2
0 38 2
0 42 2
0 44 2
0 45 2
0 46 2
0 48 2
1 34 2
1 43 2
2 44 2
2 45 2
2 46 2
2 49 2
2 50 2
3 33 2
3 38 2
3 50 2
4 38 2
4 40 2
4 47 2
5 31 2
5 32 2
5 34 2
5 35 2
5 39 2
5 43 2
6 33 2
7 31 2
7 37 2
7 45 2
7 49 1
8 33 1
8 42 2
8 45 2
8 46 1
9 32 2
9 34 2
9 36 2
9 42 2
9 45 1
9 47 1
9 48 2
9 50 2
10 34 2
11 33 1
11 39 2
11 40 2
11 44 2
11 45 2
11 46 2
12 31 2
12 34 2
12 41 2
12 50 2
13 33 2
13 35 2
14 36 2
14 37 2
14 38 1
14 41 2
14 44 2
14 47 2
14 50 2
15 34 2
15 35 2
15 44 2
16 34 2
16 39 2
16 40 1
16 49 2
17 32 2
17 34 1
17 35 2
17 45 1
17 46 2
18 38 2
18 42 2
18 44 1
18 45 2
18 47 2
19 35 2
19 40 2
19 45 2
19 48 2
20 38 2
20 40 2
20 43 2
20 49 1
21 34 2
21 43 1
22 32 2
22 34 2
22 41 2
23 35 1
23 41 2
23 42 2
23 47 2
24 33 2
24 36 2
24 38 2
24 43 2
24 46 2
25 32 2
25 42 2
25 46 2
26 38 2
26 42 2
26 44 2
27 45 2
28 37 2
28 39 1
28 45 2
28 48 2
29 31 2
29 36 2
29 38 2
29 41 2
29 45 2
29 49 2
29 50 2
30 31 2
30 40 2
30 44 2
30 45 2
30 47 2
31 52 1
31 53 2
31 58 2
32 52 2
32 54 1
32 55 3
32 56 3
32 58 2
32 59 2
33 52 2
33 54 3
33 55 2
34 53 3
35 51 2
35 56 2
36 54 1
36 55 2
36 56 2
36 59 2
36 60 2
37 53 1
37 56 2
37 58 1
37 59 2
38 58 2
38 59 2
38 60 1
39 51 2
39 52 2
39 57 2
39 58 1
39 60 1
40 57 2
41 51 1
41 52 2
41 54 1
41 55 2
41 59 2
42 53 2
42 55 2
42 58 2
42 59 2
43 53 2
43 57 2
43 59 2
44 54 2
44 57 2
45 51 1
45 57 3
46 55 2
46 58 2
46 59 1
47 51 2
47 52 2
47 53 1
47 58 2
48 52 1
48 55 1
48 56 1
48 58 2
49 52 2
49 54 2
49 56 2
50 52 1
50 55 1
50 57 1
50 58 3
50 60 2
51 61 2
51 62 1
51 63 3
51 64 2
52 61 2
52 64 3
53 62 2
53 64 3
54 62 1
54 63 3
54 64 3
55 62 3
55 63 2
56 62 2
56 63 2
56 64 3
57 61 1
58 62 2
59 61 3
59 64 2
