0 34 1
0 48 1
0 49 1
1 32 1
1 34 1
1 43 1
1 46 1
1 49 1
2 33 1
2 44 1
2 45 1
3 31 1
3 33 1
3 34 1
3 37 1
3 38 1
4 34 1
4 36 1
4 42 1
4 43 1
4 47 1
4 50 1
5 36 1
5 42 1
5 46 1
5 50 1
6 34 1
6 37 1
6 43 1
6 44 1
6 49 1
6 50 1
7 36 1
7 41 1
7 44 1
7 47 1
8 44 1
8 45 1
8 46 1
8 50 1
9 34 1
9 43 1
9 46 1
10 43 1
11 34 1
11 35 1
11 44 1
11 50 1
12 34 1
12 42 1
12 44 1
12 45 1
12 48 1
12 49 1
13 34 1
13 37 1
13 47 1
13 50 1
14 38 1
14 40 1
14 43 1
14 46 1
15 32 1
15 42 1
15 46 1
16 31 1
16 35 1
16 45 1
16 49 1
17 34 1
17 35 1
17 42 1
17 45 1
17 47 1
18 35 1
18 40 1
18 42 1
19 31 1
19 32 1
19 33 1
19 36 1
19 41 1
19 42 1
20 39 1
20 40 1
20 46 1
21 31 1
21 39 1
21 42 1
21 44 1
21 49 1
22 39 1
22 40 1
22 42 1
22 43 1
22 49 1
23 42 1
23 43 1
24 31 1
24 32 1
24 35 1
24 38 1
24 40 1
24 48 1
24 49 1
25 37 1
25 39 1
25 49 1
26 37 1
26 39 1
26 42 1
26 48 1
26 50 1
27 33 1
27 36 1
27 37 1
27 42 1
28 38 1
28 41 1
28 45 1
28 50 1
29 39 1
29 41 1
29 50 1
30 33 1
30 38 1
30 45 1
30 48 1
30 50 1
31 56 1
31 57 1
33 55 1
33 60 1
34 51 1
34 52 1
34 53 1
34 57 1
34 58 1
34 59 1
34 60 1
35 52 1
35 54 1
35 55 1
35 58 1
35 60 1
36 51 1
36 53 1
36 57 1
36 58 1
36 59 1
36 60 1
37 53 1
37 54 1
37 55 1
37 56 1
37 59 1
37 60 1
38 51 1
38 56 1
39 59 1
40 51 1
40 52 1
40 53 1
40 60 1
41 52 1
41 54 1
41 55 1
42 56 1
42 57 1
42 59 1
42 60 1
43 52 1
43 54 1
43 59 1
43 60 1
44 51 1
44 55 1
44 56 1
45 51 1
45 58 1
45 59 1
45 60 1
46 58 1
47 52 1
47 57 1
47 59 1
48 60 1
49 55 1
49 58 1
49 60 1
50 53 1
50 56 1
50 58 1
50 60 1
51 62 1
51 63 1
51 64 1
52 62 1
53 62 1
53 63 1
53 64 1
55 61 1
55 62 1
56 61 1
56 62 1
56 63 1
56 64 1
57 64 1
58 61 1
58 62 1
58 63 1
58 64 1
59 61 1
59 63 1
59 64 1
60 61 1
60 63 1
