4 796 2
5 799 2
7 798 2
11 789 2
11 800 2
12 793 2
12 797 2
14 786 2
25 792 2
28 788 2
30 793 2
30 799 2
32 784 2
34 785 2
35 789 2
39 784 2
39 791 2
40 792 2
41 790 2
42 794 2
43 792 2
45 788 2
57 802 2
58 793 2
59 794 2
59 795 2
60 795 2
64 787 2
64 788 2
65 787 2
66 788 2
72 792 2
74 795 2
74 800 2
79 799 2
79 802 2
84 795 2
85 799 2
86 794 2
86 802 2
87 802 2
88 794 2
88 799 2
90 787 2
95 799 2
96 784 2
100 792 2
100 798 2
101 786 2
106 803 2
107 794 2
109 787 2
113 786 2
115 801 2
117 790 2
126 800 2
136 792 2
137 788 2
140 790 2
141 803 2
146 795 2
148 799 2
149 801 2
156 788 2
158 796 2
161 791 2
162 786 2
165 796 2
166 799 2
169 788 2
169 798 2
171 786 2
172 802 2
173 790 2
176 798 2
177 793 2
178 786 2
179 786 2
186 791 2
188 791 2
190 793 2
190 799 2
201 786 2
203 786 2
204 784 2
206 794 2
211 798 2
211 799 2
212 802 2
221 785 2
226 795 2
230 791 2
235 787 2
236 786 2
236 789 2
236 792 2
242 797 2
243 793 2
247 794 2
250 793 2
252 791 2
256 791 2
259 789 2
260 784 2
261 789 2
261 798 2
265 784 2
265 801 2
267 790 2
271 795 2
274 800 2
275 803 2
277 794 2
277 798 2
284 801 2
287 791 2
288 796 2
288 798 2
290 799 2
292 795 2
295 799 2
296 797 2
299 792 2
300 784 2
300 787 2
300 803 2
301 792 2
305 784 2
307 793 2
308 784 2
310 795 2
311 784 2
313 797 2
324 799 2
326 795 2
329 791 2
330 800 2
332 790 2
332 794 2
337 791 2
339 794 2
341 796 2
341 797 2
345 800 2
348 789 2
351 790 2
352 784 2
356 792 2
356 796 2
360 786 2
360 788 2
364 797 2
366 798 2
366 801 2
377 792 2
379 803 2
382 785 2
384 803 2
386 790 2
388 786 2
388 798 2
388 801 2
389 798 2
390 793 2
391 802 2
398 794 2
401 794 2
402 800 2
403 798 2
404 787 2
406 785 2
407 800 2
414 794 2
414 800 2
424 790 2
424 803 2
429 785 2
431 794 2
433 788 2
434 789 2
436 792 2
444 798 2
447 803 2
450 793 2
461 799 2
464 792 2
467 798 2
471 797 2
472 803 2
481 800 2
483 800 2
493 803 2
500 784 2
500 803 2
504 787 2
504 790 2
507 790 2
509 796 2
510 801 2
513 798 2
518 790 2
518 800 2
522 796 2
524 803 2
529 796 2
533 787 2
534 784 2
537 784 2
547 787 2
548 797 2
550 789 2
550 795 2
563 801 2
567 795 2
568 798 2
570 788 2
583 790 2
587 788 2
587 791 2
589 803 2
590 791 2
591 801 2
596 787 2
597 793 2
598 787 2
599 801 2
604 793 2
607 786 2
607 797 2
610 790 2
610 797 2
615 797 2
616 801 2
622 786 2
624 785 2
629 799 2
633 792 2
638 795 2
644 790 2
647 802 2
648 797 2
650 801 2
651 802 2
652 785 2
652 795 2
652 797 2
652 803 2
653 786 2
653 790 2
656 791 2
673 799 2
676 793 2
677 790 2
677 802 2
679 801 2
688 794 2
693 792 2
695 784 2
698 789 2
701 792 2
701 793 2
703 792 2
704 800 2
704 801 2
704 802 2
709 784 2
713 798 2
714 802 2
718 803 2
720 786 2
720 800 2
721 800 2
723 793 2
732 788 2
733 797 2
735 788 2
735 801 2
738 789 2
746 790 2
749 789 2
749 799 2
750 796 2
751 802 2
753 793 2
758 786 2
760 795 2
761 792 2
771 789 2
773 801 2
780 801 2
783 788 2
783 800 2
793 806 2
795 809 2
799 808 2
813 816 2
