0 33 2.0 
0 40 1.0 
0 43 2.0 
0 47 2.0 
0 48 2.0 
0 49 1.0 
0 50 2.0 
1 38 2.0 
1 40 2.0 
1 42 2.0 
1 45 2.0 
1 46 2.0 
1 49 2.0 
2 31 2.0 
2 32 2.0 
2 41 2.0 
3 36 2.0 
3 38 2.0 
3 48 2.0 
3 49 2.0 
4 31 2.0 
4 35 2.0 
4 37 2.0 
4 40 2.0 
4 44 2.0 
4 50 2.0 
5 32 2.0 
5 35 2.0 
5 41 2.0 
5 43 2.0 
5 48 2.0 
6 31 2.0 
6 35 3.0 
6 39 1.0 
6 42 1.0 
6 43 1.0 
6 44 2.0 
6 45 1.0 
6 50 2.0 
7 31 2.0 
7 35 3.0 
7 36 2.0 
7 40 2.0 
7 41 2.0 
7 44 3.0 
7 45 2.0 
7 47 2.0 
7 48 2.0 
8 43 2.0 
8 47 2.0 
8 50 2.0 
9 32 2.0 
9 35 2.0 
9 37 2.0 
9 40 2.0 
9 45 2.0 
9 46 2.0 
10 39 1.0 
10 41 1.0 
10 44 2.0 
10 46 2.0 
10 50 2.0 
11 36 2.0 
11 41 2.0 
12 35 2.0 
12 36 1.0 
12 39 2.0 
12 45 3.0 
12 48 2.0 
12 50 2.0 
13 33 2.0 
13 43 2.0 
13 45 2.0 
13 50 2.0 
14 33 2.0 
14 39 2.0 
14 40 2.0 
14 41 2.0 
14 45 3.0 
14 48 2.0 
14 50 2.0 
15 36 2.0 
15 37 2.0 
15 41 2.0 
15 43 2.0 
15 45 1.0 
15 48 2.0 
16 32 1.0 
16 35 1.0 
16 36 2.0 
16 39 2.0 
16 42 2.0 
16 44 2.0 
16 45 2.0 
16 49 2.0 
17 37 2.0 
17 39 2.0 
17 41 2.0 
17 46 2.0 
18 33 2.0 
18 41 2.0 
18 49 2.0 
19 31 2.0 
19 34 2.0 
19 35 2.0 
19 38 2.0 
19 41 2.0 
19 47 2.0 
20 31 2.0 
20 33 2.0 
20 46 1.0 
21 32 2.0 
21 33 2.0 
21 36 2.0 
21 37 2.0 
21 41 2.0 
21 44 2.0 
21 46 2.0 
21 47 2.0 
21 48 2.0 
21 50 2.0 
22 36 1.0 
22 43 1.0 
22 47 2.0 
23 47 2.0 
24 36 2.0 
24 38 2.0 
24 41 2.0 
24 49 2.0 
25 34 2.0 
25 37 2.0 
25 41 2.0 
25 49 2.0 
26 32 2.0 
26 36 2.0 
26 37 2.0 
26 40 2.0 
26 43 2.0 
26 45 2.0 
27 32 2.0 
27 40 2.0 
27 41 2.0 
27 45 2.0 
27 48 2.0 
28 32 2.0 
28 34 2.0 
28 36 2.0 
28 37 2.0 
28 41 2.0 
28 44 2.0 
28 47 2.0 
28 49 2.0 
29 31 2.0 
29 32 2.0 
29 37 2.0 
29 38 2.0 
29 42 2.0 
29 43 2.0 
29 46 2.0 
29 49 2.0 
30 32 2.0 
30 36 2.0 
30 37 2.0 
30 41 2.0 
30 43 2.0 
30 45 2.0 
30 46 3.0 
30 49 3.0 
31 53 2.0 
31 60 2.0 
32 51 2.0 
32 57 3.0 
32 58 2.0 
32 59 2.0 
33 58 2.0 
34 52 2.0 
34 55 2.0 
34 56 2.0 
34 59 2.0 
35 51 3.0 
35 52 2.0 
35 54 2.0 
36 51 2.0 
36 57 2.0 
37 56 2.0 
37 57 2.0 
37 58 2.0 
38 59 2.0 
39 51 1.0 
39 57 2.0 
40 55 3.0 
41 52 2.0 
41 57 2.0 
42 51 2.0 
43 51 2.0 
43 54 2.0 
43 55 2.0 
43 57 2.0 
43 58 2.0 
43 59 1.0 
44 51 3.0 
44 52 1.0 
44 53 2.0 
44 54 2.0 
44 55 1.0 
45 51 2.0 
45 55 3.0 
45 56 2.0 
45 60 2.0 
46 51 2.0 
46 54 2.0 
46 57 3.0 
46 58 2.0 
47 51 2.0 
48 51 2.0 
48 53 2.0 
48 54 2.0 
48 57 2.0 
49 55 2.0 
49 57 3.0 
49 58 2.0 
50 55 3.0 
51 61 3.0 
51 62 1.0 
51 63 1.0 
51 64 1.0 
53 62 2.0 
54 61 2.0 
55 61 2.0 
55 62 3.0 
55 63 1.0 
55 64 1.0 
57 61 2.0 
57 62 1.0 
57 63 1.0 
57 64 3.0 
58 62 2.0 
58 63 2.0 
58 64 3.0 
59 63 2.0 
59 64 2.0 
60 63 2.0 
