0 33 1.0 
0 40 1.0 
0 47 3.0 
0 48 2.0 
0 49 1.0 
1 38 3.0 
1 40 2.0 
1 42 3.0 
1 45 3.0 
1 46 1.0 
1 48 1.0 
1 49 3.0 
2 31 3.0 
2 32 3.0 
2 36 2.0 
2 41 3.0 
3 36 1.0 
3 38 2.0 
3 49 3.0 
4 31 1.0 
4 37 3.0 
4 40 2.0 
4 50 2.0 
5 32 2.0 
5 33 2.0 
5 34 2.0 
5 38 2.0 
5 41 3.0 
6 31 1.0 
6 34 1.0 
6 35 2.0 
6 39 1.0 
6 42 1.0 
6 43 1.0 
6 44 3.0 
6 45 1.0 
6 50 2.0 
7 31 3.0 
7 35 3.0 
7 36 3.0 
7 40 1.0 
7 41 1.0 
7 44 3.0 
8 35 2.0 
8 43 2.0 
8 44 2.0 
8 47 1.0 
8 48 2.0 
9 32 1.0 
9 35 1.0 
9 37 3.0 
9 45 3.0 
9 46 1.0 
9 47 2.0 
10 39 1.0 
10 41 1.0 
10 44 2.0 
10 45 1.0 
10 46 1.0 
10 50 3.0 
11 36 2.0 
11 41 3.0 
11 44 2.0 
11 49 2.0 
12 35 2.0 
12 36 1.0 
12 39 1.0 
12 45 3.0 
12 48 2.0 
13 33 2.0 
13 50 2.0 
14 33 1.0 
14 34 2.0 
14 39 1.0 
14 41 3.0 
14 45 3.0 
14 48 2.0 
15 36 3.0 
15 37 2.0 
15 41 1.0 
15 43 3.0 
15 45 1.0 
15 46 2.0 
15 48 3.0 
16 32 1.0 
16 35 1.0 
16 36 3.0 
16 39 1.0 
16 42 3.0 
16 44 2.0 
16 49 3.0 
17 37 3.0 
17 39 3.0 
17 41 2.0 
17 46 2.0 
18 40 2.0 
18 41 2.0 
18 42 2.0 
18 49 1.0 
19 31 2.0 
19 34 3.0 
19 35 3.0 
19 38 2.0 
19 41 3.0 
19 44 2.0 
19 47 1.0 
20 31 2.0 
20 36 2.0 
20 43 3.0 
20 45 3.0 
20 46 1.0 
21 32 2.0 
21 33 2.0 
21 36 2.0 
21 37 1.0 
21 41 1.0 
21 44 2.0 
21 46 1.0 
21 47 3.0 
21 48 1.0 
21 50 3.0 
22 36 1.0 
22 43 1.0 
22 45 2.0 
22 47 3.0 
23 46 2.0 
23 47 3.0 
24 32 1.0 
24 36 3.0 
24 38 3.0 
24 41 2.0 
24 42 1.0 
24 46 2.0 
24 47 2.0 
24 49 1.0 
25 34 1.0 
25 35 2.0 
25 37 3.0 
25 41 1.0 
25 47 2.0 
26 36 3.0 
26 40 2.0 
26 43 3.0 
26 44 2.0 
26 45 3.0 
27 32 3.0 
27 40 1.0 
27 41 2.0 
27 46 2.0 
27 48 3.0 
28 32 2.0 
28 34 3.0 
28 36 3.0 
28 44 3.0 
28 47 3.0 
28 50 2.0 
29 31 2.0 
29 37 2.0 
29 38 1.0 
29 42 3.0 
29 43 3.0 
29 45 2.0 
30 33 2.0 
30 34 2.0 
30 36 1.0 
30 41 2.0 
30 42 2.0 
30 46 3.0 
31 53 1.0 
31 60 1.0 
32 57 3.0 
32 58 2.0 
32 59 1.0 
33 58 3.0 
33 60 2.0 
34 52 3.0 
34 55 3.0 
34 56 1.0 
34 58 1.0 
34 59 3.0 
35 51 3.0 
35 52 3.0 
35 56 2.0 
36 51 3.0 
37 56 1.0 
37 58 2.0 
38 59 3.0 
39 51 1.0 
39 57 3.0 
39 60 2.0 
40 60 2.0 
41 52 2.0 
41 53 2.0 
41 54 2.0 
41 58 2.0 
42 51 3.0 
43 51 1.0 
43 54 1.0 
43 55 2.0 
43 59 1.0 
44 52 1.0 
44 53 1.0 
44 54 3.0 
44 55 1.0 
44 60 2.0 
45 51 3.0 
45 55 3.0 
45 56 3.0 
45 60 1.0 
46 51 1.0 
46 54 3.0 
47 55 2.0 
48 53 2.0 
48 54 2.0 
48 57 1.0 
48 58 2.0 
49 52 1.0 
49 55 1.0 
49 57 3.0 
50 55 3.0 
50 56 1.0 
50 57 2.0 
51 63 1.0 
53 62 1.0 
55 61 3.0 
55 62 2.0 
55 63 1.0 
57 64 3.0 
58 62 2.0 
58 64 3.0 
59 63 3.0 
59 64 1.0 
60 62 1.0 
60 63 3.0 
