0 34 2.0 
0 35 2.0 
0 39 2.0 
0 40 1.0 
0 45 2.0 
0 46 2.0 
0 47 2.0 
0 48 2.0 
1 34 2.0 
1 38 2.0 
1 39 2.0 
1 40 1.0 
1 42 2.0 
1 45 2.0 
1 46 1.0 
1 49 2.0 
2 31 2.0 
2 34 2.0 
2 36 2.0 
2 39 2.0 
2 40 2.0 
2 41 2.0 
2 45 2.0 
2 46 2.0 
3 33 1.0 
3 35 2.0 
3 40 2.0 
3 46 2.0 
3 48 3.0 
3 49 2.0 
3 50 2.0 
4 33 2.0 
4 35 2.0 
4 37 2.0 
4 40 1.0 
4 42 2.0 
4 45 2.0 
4 50 2.0 
5 33 2.0 
5 34 2.0 
5 39 2.0 
5 40 2.0 
5 46 3.0 
5 48 2.0 
5 50 2.0 
6 39 1.0 
6 41 2.0 
6 42 1.0 
6 45 2.0 
6 46 1.0 
7 31 2.0 
7 33 2.0 
7 35 2.0 
7 36 2.0 
7 40 2.0 
7 41 2.0 
7 44 2.0 
7 45 2.0 
7 47 2.0 
7 48 2.0 
7 50 2.0 
8 33 2.0 
8 44 2.0 
8 45 2.0 
8 50 2.0 
9 33 2.0 
9 37 2.0 
9 45 2.0 
9 46 2.0 
9 48 2.0 
10 39 2.0 
10 41 2.0 
10 46 2.0 
10 48 2.0 
11 39 2.0 
11 44 2.0 
11 46 2.0 
12 36 1.0 
12 40 2.0 
12 46 2.0 
13 34 2.0 
13 39 2.0 
13 41 2.0 
13 46 2.0 
13 50 2.0 
14 34 2.0 
14 39 1.0 
14 41 2.0 
15 36 2.0 
15 41 2.0 
15 43 2.0 
15 45 2.0 
15 48 2.0 
16 32 2.0 
16 35 2.0 
16 36 2.0 
16 44 2.0 
16 45 2.0 
16 49 2.0 
17 37 2.0 
17 39 2.0 
19 31 2.0 
19 35 2.0 
19 38 2.0 
19 48 2.0 
20 43 2.0 
21 33 2.0 
21 41 2.0 
21 47 2.0 
21 48 2.0 
22 36 2.0 
22 43 2.0 
23 33 2.0 
23 39 2.0 
23 46 2.0 
23 47 2.0 
24 36 2.0 
24 37 2.0 
24 38 2.0 
24 42 2.0 
25 34 2.0 
25 37 2.0 
25 41 2.0 
26 32 2.0 
26 36 2.0 
26 37 2.0 
26 40 2.0 
26 43 2.0 
26 44 2.0 
27 32 2.0 
27 40 2.0 
27 46 2.0 
28 32 2.0 
28 37 2.0 
28 44 2.0 
28 46 2.0 
29 31 2.0 
29 32 2.0 
29 37 2.0 
29 43 2.0 
29 46 2.0 
29 48 2.0 
29 49 2.0 
30 32 2.0 
30 36 2.0 
30 37 2.0 
30 40 2.0 
30 43 2.0 
30 49 2.0 
32 55 2.0 
32 57 2.0 
32 58 3.0 
33 51 2.0 
33 53 2.0 
33 54 2.0 
33 55 2.0 
33 58 3.0 
34 52 2.0 
34 55 3.0 
34 59 2.0 
35 51 2.0 
35 52 2.0 
35 58 2.0 
36 51 2.0 
36 53 2.0 
37 58 3.0 
38 59 2.0 
39 53 3.0 
39 54 3.0 
39 55 2.0 
39 57 2.0 
39 59 3.0 
40 54 2.0 
40 55 2.0 
40 57 2.0 
40 59 3.0 
41 52 2.0 
41 53 2.0 
41 55 2.0 
41 58 2.0 
41 59 2.0 
42 51 3.0 
42 58 2.0 
43 58 2.0 
43 59 2.0 
44 52 2.0 
44 54 2.0 
45 51 3.0 
45 55 2.0 
45 56 2.0 
45 58 3.0 
45 59 2.0 
46 51 2.0 
46 53 2.0 
46 54 3.0 
46 55 2.0 
46 57 2.0 
46 59 3.0 
47 51 2.0 
47 53 2.0 
47 55 2.0 
48 51 2.0 
48 53 3.0 
48 54 2.0 
48 55 2.0 
48 58 1.0 
49 53 2.0 
49 57 2.0 
49 58 2.0 
50 53 2.0 
50 54 2.0 
50 55 3.0 
50 58 2.0 
51 61 3.0 
51 62 1.0 
51 63 1.0 
51 64 2.0 
52 62 2.0 
52 63 2.0 
53 61 3.0 
53 62 1.0 
53 63 2.0 
53 64 1.0 
54 61 1.0 
54 62 2.0 
54 63 3.0 
54 64 2.0 
55 61 2.0 
55 62 3.0 
55 63 1.0 
56 64 2.0 
57 62 1.0 
57 63 2.0 
57 64 2.0 
58 61 1.0 
58 62 2.0 
58 63 2.0 
58 64 3.0 
59 61 1.0 
59 62 3.0 
59 63 3.0 
59 64 1.0 
60 63 2.0 
