0 38 1
0 40 1
1 35 1
1 46 1
1 50 1
2 38 1
2 44 1
2 45 1
3 32 1
3 38 1
4 40 1
5 42 1
5 43 1
5 48 1
6 35 1
6 42 1
6 50 1
8 31 1
8 32 1
8 33 1
8 35 1
8 46 1
8 49 1
9 33 1
10 34 1
10 37 1
11 33 1
12 43 1
12 48 1
13 37 1
14 31 1
14 41 1
14 44 1
14 46 1
15 49 1
16 35 1
17 31 1
17 37 1
18 46 1
19 42 1
20 35 1
20 37 1
20 49 1
21 42 1
23 32 1
24 31 1
24 50 1
26 36 1
27 37 1
28 48 1
29 38 1
30 41 1
30 50 1
31 58 1
31 60 1
33 55 1
34 56 1
34 60 1
35 58 1
36 54 1
36 55 1
37 52 1
37 58 1
39 60 1
42 52 1
42 53 1
42 58 1
43 55 1
44 52 1
44 60 1
47 51 1
47 52 1
47 53 1
47 55 1
48 56 1
48 59 1
49 53 1
52 64 1
53 62 1
57 61 1
59 64 1
60 64 1
