0 38 2 
0 40 2 
1 35 2 
1 46 2 
1 50 2 
2 38 2 
2 44 2 
2 45 2 
3 32 2 
3 38 2 
4 40 2 
5 42 2 
5 43 2 
5 48 2 
6 35 2 
6 42 2 
6 50 1 
8 31 2 
8 32 2 
8 33 2 
8 35 2 
8 46 2 
8 49 2 
9 33 2 
10 34 2 
10 37 2 
11 33 2 
12 43 2 
12 48 2 
13 37 2 
14 31 2 
14 41 2 
14 44 2 
14 46 2 
15 49 2 
16 35 2 
17 31 2 
17 37 2 
18 46 2 
19 42 2 
20 35 2 
20 37 2 
20 49 2 
21 42 2 
23 32 2 
24 31 2 
24 50 2 
26 36 2 
27 37 2 
28 48 1 
29 38 2 
30 41 2 
30 50 2 
31 58 2 
31 60 2 
33 55 2 
34 56 2 
34 60 2 
35 58 2 
36 54 2 
36 55 2 
37 52 2 
37 58 2 
39 60 2 
42 52 2 
42 53 2 
42 58 2 
43 55 2 
44 52 2 
44 60 1 
47 51 2 
47 52 2 
47 53 2 
47 55 2 
48 56 2 
48 59 2 
49 53 2 
52 64 2 
53 62 2 
57 61 2 
59 64 2 
60 64 2 
