1 47 1 
1 48 1 
2 44 1 
2 48 1 
2 49 1 
3 33 1 
3 35 1 
3 42 1 
4 35 1 
4 36 1 
4 44 1 
5 35 1 
5 44 1 
6 38 1 
6 43 1 
6 47 1 
7 34 1 
7 43 1 
7 48 1 
8 32 1 
9 42 1 
9 47 1 
10 35 1 
11 44 1 
11 45 1 
12 43 1 
13 35 1 
14 48 1 
14 50 1 
15 44 1 
16 33 1 
16 36 1 
17 51 1 
19 39 1 
20 33 1 
20 49 1 
21 41 1 
21 48 1 
22 50 1 
23 47 1 
25 32 1 
26 43 1 
28 40 1 
30 34 1 
30 40 1 
30 51 1 
31 39 1 
32 52 1 
32 61 1 
33 54 1 
33 59 1 
34 53 1 
34 55 1 
34 60 1 
35 58 1 
37 52 1 
37 61 1 
40 57 1 
40 59 1 
41 57 1 
42 55 1 
43 53 1 
43 54 1 
43 59 1 
44 52 1 
44 53 1 
44 60 1 
45 59 1 
45 60 1 
46 53 1 
47 55 1 
48 55 1 
48 56 1 
48 58 1 
49 52 1 
49 60 1 
50 53 1 
50 58 1 
50 60 1 
51 61 1 
52 64 1 
53 62 1 
53 63 1 
54 62 1 
55 62 1 
55 65 1 
56 62 1 
56 64 1 
57 64 1 
57 65 1 
58 65 1 
59 63 1 
60 62 1 
60 63 1 
60 64 1 
61 62 1 
61 65 1 
