0 48 2 
0 49 2 
1 32 1 
1 34 2 
1 43 2 
1 46 2 
1 49 2 
1 50 2 
2 33 2 
2 34 2 
2 44 2 
2 45 2 
3 31 2 
3 33 2 
3 34 1 
3 36 2 
3 37 2 
3 38 3 
3 42 2 
3 49 2 
4 34 2 
4 36 2 
4 42 2 
4 43 2 
4 47 3 
4 50 2 
5 36 3 
5 46 2 
5 49 2 
5 50 2 
6 32 2 
6 34 2 
6 37 2 
6 43 2 
6 44 2 
6 49 2 
6 50 2 
7 36 2 
7 37 2 
7 41 2 
7 42 2 
7 44 2 
7 49 2 
8 44 2 
8 45 2 
8 46 2 
8 50 2 
9 34 2 
9 36 2 
9 43 2 
10 31 2 
10 36 2 
10 38 2 
10 43 2 
10 50 2 
11 34 2 
11 35 2 
11 44 1 
11 50 2 
12 34 2 
12 42 2 
12 44 2 
12 45 2 
12 48 2 
12 49 2 
13 34 1 
13 36 2 
13 37 2 
13 47 2 
13 50 2 
14 36 2 
14 40 2 
14 43 2 
14 46 2 
15 32 2 
15 34 2 
15 42 2 
15 46 1 
16 31 2 
16 35 2 
16 45 2 
16 49 2 
17 31 2 
17 34 1 
17 35 2 
17 42 2 
17 47 2 
17 49 2 
18 34 2 
18 35 2 
18 40 2 
18 42 2 
19 31 1 
19 32 2 
19 33 2 
19 36 2 
19 41 2 
19 42 2 
20 39 2 
20 40 2 
20 46 2 
21 31 2 
21 39 2 
21 42 2 
21 44 2 
21 49 2 
22 39 2 
22 40 2 
22 42 2 
22 43 2 
22 49 2 
23 36 2 
23 42 2 
23 43 2 
24 31 2 
24 32 2 
24 35 2 
24 38 2 
24 40 2 
24 48 2 
24 49 2 
24 50 2 
25 37 1 
25 39 2 
25 42 2 
25 49 2 
26 34 2 
26 37 2 
26 39 2 
26 42 2 
26 47 2 
26 48 2 
26 50 2 
27 33 2 
27 36 2 
27 37 2 
27 42 2 
27 50 2 
28 38 2 
28 41 2 
28 45 2 
28 49 2 
28 50 2 
29 39 2 
29 41 1 
29 50 2 
30 33 2 
30 38 2 
30 50 2 
31 52 2 
31 56 3 
31 57 2 
31 60 2 
32 58 2 
33 55 2 
33 60 1 
34 51 3 
34 53 3 
34 55 2 
34 57 2 
34 58 2 
34 59 3 
34 60 2 
35 52 2 
35 54 2 
35 55 2 
35 58 2 
35 60 2 
36 51 2 
36 53 2 
36 57 1 
36 58 3 
36 59 3 
36 60 2 
37 53 3 
37 54 2 
37 55 2 
37 56 2 
37 59 2 
37 60 2 
38 51 1 
38 56 1 
39 59 3 
40 51 2 
40 52 2 
40 53 2 
40 60 2 
41 52 2 
41 54 2 
41 55 3 
41 60 2 
42 56 3 
42 57 2 
42 59 1 
42 60 2 
43 52 1 
43 54 1 
43 59 2 
43 60 2 
44 51 2 
44 55 3 
44 56 2 
45 51 3 
45 58 2 
45 60 2 
46 51 2 
46 58 3 
47 52 2 
47 57 2 
47 59 2 
48 60 2 
49 55 2 
49 56 2 
49 58 3 
49 60 1 
50 53 2 
50 56 1 
50 58 3 
50 60 3 
51 62 2 
51 63 1 
51 64 3 
52 62 3 
53 62 1 
53 63 2 
53 64 3 
55 61 1 
55 62 2 
55 64 2 
56 61 2 
56 62 2 
56 63 1 
56 64 2 
57 64 2 
58 61 1 
58 62 2 
58 63 3 
58 64 1 
59 61 1 
59 62 2 
59 63 3 
59 64 3 
60 61 3 
60 62 2 
60 63 3 
