0 32 2
0 33 2
0 34 2
0 36 2
0 37 2
0 38 2
0 40 2
0 45 1
0 50 1
0 51 2
0 56 3
0 60 2
1 31 2
1 33 2
1 35 1
1 47 2
1 51 2
1 58 1
1 60 1
2 31 2
2 32 2
2 39 2
2 43 2
2 46 2
2 49 1
2 50 2
2 53 2
2 56 2
2 57 2
2 58 3
2 59 2
3 31 2
3 39 2
3 40 2
3 52 3
3 56 3
3 59 2
4 31 2
4 32 2
4 34 3
4 35 2
4 36 2
4 37 2
4 41 3
4 42 2
4 44 1
4 46 2
4 48 2
4 51 2
4 53 2
4 56 2
5 33 2
5 36 2
5 38 1
5 44 2
5 46 2
5 50 2
5 52 2
5 53 3
5 56 1
5 57 2
5 58 2
5 60 2
6 31 2
6 39 2
6 41 2
6 45 3
6 46 3
6 52 2
6 57 2
6 59 3
6 60 2
7 33 2
7 35 1
7 38 1
7 43 3
7 48 2
7 52 2
7 53 2
7 55 2
7 56 2
7 57 2
7 59 3
8 31 2
8 37 2
8 46 2
8 48 2
8 53 2
8 55 2
9 33 2
9 36 1
9 37 2
9 43 2
9 47 2
9 48 3
9 50 2
9 52 2
9 53 2
9 54 2
9 55 2
9 56 2
9 59 2
9 60 2
10 37 2
10 42 2
10 45 1
10 48 2
10 49 1
10 53 2
10 54 2
10 56 1
10 58 2
10 59 2
10 60 1
11 31 2
11 32 2
11 38 1
11 40 2
11 49 2
11 59 1
12 31 2
12 37 2
12 38 2
12 41 2
12 45 1
12 48 2
12 51 1
12 60 2
13 31 2
13 37 2
13 43 2
13 45 3
13 57 2
13 59 2
14 35 2
14 36 2
14 45 2
14 46 3
14 47 2
14 48 2
14 49 2
15 32 2
15 33 1
15 37 2
15 39 2
15 44 2
15 45 1
15 54 2
15 56 2
15 57 2
16 34 2
16 37 2
16 40 2
16 41 2
16 44 2
16 45 2
16 49 3
16 50 1
16 51 1
16 55 2
16 58 2
16 60 2
17 42 3
17 46 1
17 47 2
17 48 3
17 49 3
17 50 2
17 51 2
18 38 2
18 44 2
18 49 2
18 56 2
18 57 3
18 60 1
19 40 2
19 44 3
19 45 2
19 46 3
19 51 2
19 53 1
19 59 3
19 60 2
20 34 2
20 38 2
20 39 2
20 43 2
20 46 2
20 48 3
20 56 2
20 57 2
20 60 2
21 33 2
21 35 2
21 39 2
21 42 3
21 45 2
21 49 2
21 53 2
22 33 3
22 34 1
22 38 2
22 40 2
22 41 1
22 47 2
22 48 2
22 49 2
22 51 2
22 52 2
22 54 2
22 57 2
22 58 1
23 33 2
23 34 3
23 39 2
23 41 2
23 46 1
23 47 2
23 49 2
23 52 3
23 54 2
24 33 3
24 34 3
24 39 2
24 45 2
24 52 2
24 53 1
25 31 2
25 32 2
25 33 2
25 38 2
25 43 2
25 46 1
25 47 2
25 48 2
25 49 2
25 55 2
25 57 2
26 38 2
26 39 2
26 44 2
26 47 1
26 50 2
26 53 2
27 39 2
27 44 3
27 45 3
27 53 2
27 58 2
27 59 2
28 31 2
28 32 2
28 33 1
28 35 1
28 42 3
28 45 2
28 46 1
28 50 2
28 52 2
28 53 2
28 54 2
29 34 2
29 38 1
29 44 2
29 48 2
29 51 1
29 55 1
29 57 2
29 60 2
30 31 2
30 33 2
30 36 2
30 37 2
30 39 2
30 48 2
30 49 2
30 50 1
30 54 2
30 56 2
30 59 2
31 61 2
31 63 3
31 64 3
31 68 2
31 77 2
31 79 2
31 80 2
31 81 2
31 86 3
31 89 3
32 61 2
32 65 1
32 77 2
32 78 2
32 81 2
32 83 2
32 88 2
32 90 2
33 61 2
33 69 2
33 72 2
33 73 2
33 76 2
33 79 2
33 83 2
33 87 2
33 88 2
33 89 3
34 61 2
34 68 2
34 80 2
34 82 3
34 86 2
34 89 2
35 62 2
35 64 3
35 65 2
35 67 2
35 72 3
35 74 1
35 76 2
35 78 2
35 81 2
36 63 2
36 75 2
36 82 2
36 83 3
36 86 1
36 87 2
36 90 2
37 71 2
37 75 2
37 76 3
37 82 2
37 87 2
37 89 3
38 61 2
38 63 2
38 65 2
38 68 1
38 71 2
38 73 3
38 78 1
38 82 2
38 83 2
38 85 2
38 86 2
38 87 3
38 89 3
39 67 2
39 72 2
39 73 2
39 75 2
39 83 2
39 85 2
40 65 2
40 66 2
40 67 2
40 73 2
40 77 2
40 78 3
40 80 2
40 82 2
40 84 2
40 85 2
40 89 2
41 61 2
41 67 2
41 75 2
41 78 2
41 79 1
41 84 1
41 86 2
41 88 2
41 89 3
41 90 2
42 61 2
42 62 2
42 68 2
42 70 2
42 72 2
42 79 2
42 89 1
43 61 2
43 67 2
43 71 2
43 75 1
43 78 2
43 81 1
43 90 2
44 64 2
44 67 2
44 73 3
44 75 2
44 87 3
45 65 3
45 66 2
45 75 1
45 76 3
45 77 2
45 78 2
45 79 2
45 86 2
45 87 2
45 89 2
46 62 2
46 63 2
46 65 2
46 66 2
46 69 2
46 72 2
46 74 2
46 75 1
46 84 2
46 86 2
46 87 2
46 89 2
47 63 2
47 64 2
47 67 2
47 70 2
47 71 2
47 72 2
47 74 2
47 79 3
47 80 1
47 81 2
47 88 2
47 90 2
48 62 2
48 63 2
48 72 2
48 76 2
48 77 2
48 78 3
48 79 3
48 80 2
49 74 2
49 79 2
49 85 2
49 86 2
49 87 3
49 90 2
50 70 2
50 74 3
50 75 2
50 76 3
50 81 2
50 83 1
50 89 2
50 90 3
51 64 2
51 65 3
51 67 2
51 68 2
51 69 2
51 71 2
51 72 2
51 73 2
51 76 3
51 78 3
51 86 2
51 87 2
52 63 2
52 65 2
52 72 3
52 76 2
52 79 2
52 83 2
52 89 2
53 63 2
53 64 1
53 68 3
53 70 2
53 71 1
53 75 3
53 77 2
53 78 2
53 79 2
53 82 2
53 83 3
53 84 2
53 87 2
53 88 2
53 89 2
54 63 2
54 64 3
54 69 2
54 71 2
54 76 2
54 77 2
54 79 2
54 82 2
54 84 2
54 88 2
55 61 2
55 63 3
55 64 3
55 69 2
55 75 2
55 82 2
55 83 1
55 89 2
56 61 2
56 62 2
56 63 2
56 72 2
56 75 3
56 76 2
56 78 1
56 79 2
56 83 3
56 85 2
56 87 3
57 69 2
57 74 2
57 77 1
57 80 2
57 83 2
58 69 2
58 74 3
58 75 3
58 76 3
58 77 2
58 78 2
58 83 2
58 88 2
58 89 1
58 90 2
59 61 2
59 62 2
59 63 1
59 65 2
59 72 3
59 75 2
59 76 1
59 80 2
59 82 2
59 83 3
59 90 2
60 64 2
60 66 2
60 68 2
60 72 2
60 74 2
60 78 3
60 81 2
60 85 2
60 87 1
61 93 3
61 94 3
62 91 2
62 93 2
63 92 2
63 93 2
63 94 2
64 92 1
64 94 2
65 91 1
65 92 3
65 93 2
65 94 1
66 91 1
66 92 2
67 92 3
68 91 2
68 92 2
68 93 2
69 91 2
69 93 1
72 93 3
72 94 1
73 91 2
73 92 3
73 93 1
74 94 2
75 91 3
75 92 1
75 94 1
76 91 1
76 94 2
77 94 2
78 91 1
78 93 3
78 94 1
79 91 1
79 94 1
80 93 1
81 91 2
81 93 1
82 92 2
82 93 3
82 94 2
83 91 3
83 93 1
84 91 2
84 93 2
84 94 2
85 91 2
85 92 2
86 92 2
86 94 2
87 91 2
87 92 2
87 93 1
87 94 3
88 92 3
88 94 3
89 92 2
89 94 3
90 91 2
90 93 1
90 94 2
