0 32 2.0 
0 37 2.0 
0 39 2.0 
0 42 2.0 
0 49 3.0 
1 40 2.0 
2 37 2.0 
2 39 2.0 
2 40 2.0 
2 41 2.0 
2 47 2.0 
3 33 1.0 
3 36 2.0 
3 44 1.0 
4 35 2.0 
4 37 2.0 
4 46 2.0 
4 47 2.0 
4 48 3.0 
5 31 2.0 
5 33 1.0 
5 37 2.0 
5 40 2.0 
6 31 1.0 
6 32 3.0 
6 40 3.0 
6 47 2.0 
7 31 2.0 
7 32 2.0 
7 37 1.0 
7 39 2.0 
7 42 2.0 
7 46 3.0 
7 50 2.0 
8 32 2.0 
8 44 2.0 
10 45 3.0 
10 47 2.0 
11 40 2.0 
12 43 2.0 
12 45 2.0 
12 46 3.0 
12 48 3.0 
13 38 1.0 
13 42 2.0 
14 35 2.0 
14 38 1.0 
14 42 2.0 
14 47 2.0 
15 33 1.0 
15 40 1.0 
16 36 2.0 
16 37 2.0 
16 38 2.0 
16 41 1.0 
16 43 2.0 
16 44 2.0 
16 45 2.0 
17 34 3.0 
17 39 1.0 
18 35 2.0 
18 36 2.0 
18 44 1.0 
19 33 2.0 
19 34 2.0 
19 45 2.0 
19 46 2.0 
20 34 2.0 
20 46 1.0 
20 49 1.0 
20 50 1.0 
21 35 1.0 
21 37 2.0 
21 42 2.0 
21 46 1.0 
21 47 2.0 
22 31 2.0 
22 36 2.0 
22 45 3.0 
22 48 2.0 
23 36 2.0 
23 38 2.0 
23 42 3.0 
23 43 3.0 
23 45 3.0 
24 34 1.0 
24 49 3.0 
25 32 1.0 
25 39 2.0 
26 35 2.0 
26 41 2.0 
26 50 2.0 
27 36 2.0 
27 41 1.0 
27 43 2.0 
27 44 1.0 
28 41 2.0 
28 44 2.0 
28 49 2.0 
29 36 1.0 
29 40 2.0 
30 31 1.0 
30 32 2.0 
30 38 2.0 
30 46 2.0 
30 50 3.0 
31 51 1.0 
31 55 3.0 
31 58 1.0 
32 51 3.0 
32 60 1.0 
33 52 2.0 
33 59 1.0 
34 51 2.0 
34 52 2.0 
34 58 2.0 
34 59 3.0 
35 55 3.0 
36 53 2.0 
36 54 2.0 
36 56 3.0 
36 60 3.0 
37 51 2.0 
37 54 3.0 
37 55 2.0 
37 58 1.0 
38 52 1.0 
38 53 3.0 
38 55 2.0 
38 57 2.0 
39 53 1.0 
39 56 1.0 
39 59 2.0 
40 56 3.0 
41 51 3.0 
41 52 3.0 
41 53 2.0 
41 56 2.0 
42 51 3.0 
42 52 1.0 
42 54 2.0 
42 56 2.0 
42 57 1.0 
42 60 2.0 
43 52 1.0 
43 53 2.0 
43 54 3.0 
43 55 2.0 
43 56 3.0 
44 52 3.0 
44 55 3.0 
44 56 3.0 
45 52 2.0 
45 53 1.0 
46 51 3.0 
46 54 3.0 
46 58 3.0 
47 59 1.0 
48 51 1.0 
48 57 2.0 
49 57 2.0 
50 55 3.0 
50 57 3.0 
50 60 1.0 
51 61 3.0 
51 62 3.0 
51 63 2.0 
51 64 2.0 
52 61 1.0 
52 62 2.0 
52 63 1.0 
52 64 1.0 
53 62 2.0 
53 64 3.0 
54 61 1.0 
54 63 1.0 
55 61 1.0 
55 64 3.0 
56 62 1.0 
56 63 2.0 
57 63 1.0 
57 64 3.0 
58 61 2.0 
58 63 2.0 
60 61 2.0 
60 62 3.0 
60 63 3.0 
60 64 1.0 
