0 32 2 
0 35 2 
0 38 3 
0 40 2 
0 42 2 
0 43 2 
0 44 2 
0 45 2 
0 46 2 
1 32 2 
1 34 2 
1 38 2 
1 39 2 
1 40 2 
1 42 1 
1 45 1 
2 31 2 
2 34 2 
2 37 2 
2 38 1 
2 39 2 
2 42 2 
2 43 2 
2 45 2 
3 32 2 
3 35 2 
3 39 2 
3 40 1 
3 41 2 
3 42 2 
3 43 2 
3 48 3 
3 49 2 
4 35 2 
4 38 2 
4 40 2 
4 48 1 
5 32 3 
5 35 2 
5 44 1 
5 45 2 
5 47 2 
5 48 2 
6 32 1 
6 33 2 
6 34 2 
6 38 2 
6 39 2 
6 43 2 
6 44 2 
6 47 2 
6 48 1 
7 32 2 
7 35 2 
7 37 2 
7 38 2 
7 47 2 
7 48 3 
8 33 2 
8 39 2 
8 41 2 
8 43 2 
8 45 2 
8 48 2 
9 35 2 
9 39 2 
9 48 2 
10 37 2 
10 44 2 
10 45 2 
10 47 2 
10 48 1 
11 32 2 
11 36 2 
11 39 2 
11 42 2 
11 43 2 
11 44 2 
11 45 2 
12 37 2 
12 45 2 
13 32 2 
13 40 2 
13 44 2 
13 45 2 
13 47 2 
13 48 2 
14 32 2 
14 37 2 
14 38 2 
14 43 2 
14 47 2 
15 39 2 
15 40 2 
15 44 2 
15 45 2 
15 47 2 
16 32 2 
16 38 2 
16 40 2 
17 37 2 
17 43 2 
18 33 2 
18 49 2 
19 42 2 
19 43 2 
19 44 2 
19 48 1 
19 49 2 
20 32 2 
20 48 2 
21 31 2 
21 35 2 
21 39 2 
21 48 2 
22 32 2 
23 32 3 
23 35 2 
23 41 2 
23 42 2 
23 47 2 
24 43 2 
26 35 2 
26 37 2 
26 39 2 
26 43 2 
26 45 2 
27 32 2 
27 34 2 
27 46 2 
27 49 2 
28 32 2 
28 39 2 
28 48 2 
29 32 2 
29 35 2 
29 39 2 
29 44 2 
29 45 2 
29 48 2 
30 35 2 
30 39 2 
31 55 2 
31 58 2 
32 53 2 
32 54 2 
32 55 3 
32 56 3 
32 57 1 
32 58 2 
33 56 2 
33 59 2 
34 52 2 
34 57 2 
35 51 3 
35 53 3 
35 55 2 
35 57 3 
36 53 2 
37 59 2 
38 51 3 
38 59 3 
39 51 2 
39 53 2 
39 55 2 
39 59 3 
39 60 2 
40 51 2 
40 55 2 
40 57 3 
41 51 2 
41 52 2 
41 53 2 
42 55 2 
42 58 2 
43 55 2 
43 57 2 
43 59 2 
44 55 2 
44 57 3 
44 58 2 
44 59 3 
45 51 2 
45 54 2 
45 55 3 
45 56 2 
45 57 3 
45 58 3 
46 58 2 
47 53 2 
47 56 2 
47 57 3 
48 51 3 
48 53 3 
48 56 3 
48 57 1 
48 58 2 
48 59 2 
49 59 2 
50 51 2 
50 56 2 
51 61 3 
51 62 1 
51 63 1 
51 64 2 
52 64 2 
53 61 3 
53 62 2 
53 63 2 
53 64 1 
54 61 2 
54 62 2 
54 63 2 
55 61 1 
55 62 2 
55 63 3 
55 64 1 
56 61 2 
56 62 1 
56 63 3 
56 64 1 
57 61 1 
57 62 3 
57 63 1 
58 63 3 
58 64 1 
59 61 1 
59 62 1 
59 63 1 
59 64 3 
