0 32 2 
0 38 2 
0 40 2 
0 41 2 
0 50 2 
1 31 2 
1 35 2 
1 41 1 
1 46 2 
1 47 2 
1 50 2 
2 41 2 
2 43 2 
2 44 2 
2 45 1 
2 50 2 
3 32 3 
3 36 2 
3 38 1 
3 41 2 
3 45 2 
3 47 1 
3 50 2 
4 36 2 
4 40 2 
4 43 2 
4 45 2 
4 49 2 
5 31 2 
5 32 2 
5 33 1 
5 35 2 
5 36 2 
5 37 2 
5 39 2 
5 41 2 
5 42 2 
5 43 3 
5 48 1 
6 33 2 
6 35 2 
6 37 2 
6 40 2 
6 41 2 
6 43 1 
6 49 2 
6 50 1 
7 31 2 
7 32 2 
7 38 2 
7 45 2 
7 48 2 
8 31 2 
8 32 2 
8 33 2 
8 47 2 
8 49 2 
9 32 2 
9 33 2 
9 38 2 
9 49 2 
10 34 2 
10 37 2 
11 31 2 
11 33 1 
11 39 2 
11 41 2 
12 31 2 
12 36 2 
12 43 2 
12 48 2 
13 32 2 
13 34 2 
13 37 2 
13 39 2 
13 43 2 
14 31 2 
14 44 2 
14 50 2 
15 45 2 
15 47 2 
15 49 2 
16 35 2 
16 47 2 
17 31 1 
17 37 2 
18 46 2 
18 48 2 
19 42 2 
19 43 2 
20 37 2 
20 41 2 
20 50 2 
21 36 2 
21 42 2 
22 36 2 
22 50 2 
23 32 1 
23 35 2 
23 46 2 
24 31 2 
24 48 2 
24 50 2 
25 31 2 
25 32 2 
26 31 2 
26 36 2 
27 37 2 
27 43 2 
28 43 2 
28 48 2 
29 31 2 
29 32 2 
29 38 2 
29 39 2 
29 45 2 
30 31 2 
30 41 2 
31 52 2 
31 56 3 
31 58 3 
31 60 3 
32 52 2 
32 56 3 
32 57 2 
33 52 2 
33 55 2 
33 58 3 
34 56 2 
34 57 2 
34 60 2 
35 58 3 
36 52 2 
36 54 2 
36 55 2 
36 56 2 
36 60 1 
37 52 2 
37 58 2 
38 52 2 
38 60 2 
39 52 2 
39 57 2 
39 58 2 
41 56 1 
41 57 3 
41 59 2 
42 53 2 
42 58 1 
42 60 2 
43 52 2 
43 55 2 
43 57 3 
43 58 1 
43 59 2 
43 60 1 
44 60 1 
45 52 3 
45 58 1 
45 60 2 
46 57 2 
47 51 2 
47 52 2 
47 53 2 
47 55 2 
47 57 2 
47 58 2 
47 60 2 
48 57 2 
48 58 2 
48 59 2 
48 60 2 
49 53 2 
49 56 2 
49 58 3 
50 56 3 
50 58 2 
52 61 1 
52 63 3 
52 64 3 
55 63 2 
56 61 3 
56 62 1 
56 63 1 
57 61 1 
57 63 3 
57 64 1 
58 62 3 
58 63 1 
58 64 1 
59 63 2 
59 64 2 
60 61 1 
60 62 2 
60 63 2 
60 64 3 
