0 34 1
0 35 2
0 38 2
0 42 2
0 44 1
0 45 3
0 46 2
0 47 2
0 48 2
0 49 2
1 36 2
1 39 2
1 42 2
1 46 2
1 47 2
1 49 2
1 50 2
2 32 2
2 33 2
2 37 2
2 38 2
2 39 2
2 44 3
2 45 1
3 32 2
3 35 2
3 38 2
3 39 3
3 40 1
3 46 3
3 49 2
4 37 1
4 38 2
4 42 3
4 43 2
4 44 2
4 46 2
4 48 2
5 34 2
5 36 2
5 37 2
5 38 1
5 41 2
5 49 2
6 31 2
6 32 1
6 33 2
6 40 2
6 41 2
6 43 2
6 48 2
6 49 2
6 50 2
7 33 1
7 34 2
7 37 2
7 38 2
7 44 3
7 46 2
7 50 2
8 33 1
8 42 2
9 34 2
9 42 2
9 43 2
9 44 2
10 34 2
10 42 2
10 46 1
11 32 2
11 34 2
11 36 2
11 38 1
11 41 2
11 43 2
11 44 2
11 46 2
12 36 3
12 44 1
12 47 2
12 49 2
13 32 1
13 34 2
13 37 2
13 49 2
14 31 2
14 41 2
14 44 2
14 46 1
15 32 2
15 37 2
15 41 2
15 48 2
16 34 2
16 40 2
17 32 2
17 33 2
17 37 2
17 40 1
17 42 2
17 45 1
17 47 2
18 35 2
18 38 2
18 45 2
18 47 2
18 49 2
19 33 2
19 42 3
19 50 2
20 35 2
20 39 1
20 47 2
20 49 2
20 50 3
21 35 2
21 40 2
21 44 2
21 45 2
22 32 2
22 40 2
22 43 2
22 44 1
22 50 2
23 32 2
23 39 2
23 43 2
23 44 2
23 46 2
23 47 2
24 31 2
24 42 2
24 43 2
24 46 2
25 34 2
25 35 2
25 36 2
25 41 2
25 46 2
25 49 2
25 50 2
26 34 2
26 35 2
26 36 2
26 40 2
26 41 2
26 46 2
26 49 2
27 34 2
27 36 2
27 39 2
27 40 2
27 42 2
27 43 2
27 44 2
27 46 2
27 47 2
27 49 2
28 46 2
28 48 2
29 37 2
29 39 2
29 42 2
29 44 2
29 46 2
29 50 2
30 40 2
31 54 1
31 55 2
31 62 1
31 63 2
31 65 3
31 66 2
31 67 2
31 68 1
31 69 2
32 56 1
32 59 2
32 61 3
32 62 2
32 66 3
32 67 2
32 69 3
32 70 2
33 52 1
33 53 3
33 56 2
33 57 2
33 63 2
33 64 3
33 65 1
33 66 2
33 68 1
34 54 2
34 55 2
34 58 2
34 59 3
34 60 1
34 64 2
34 66 2
34 69 2
35 57 2
35 58 2
35 60 2
35 62 2
35 63 3
35 66 3
35 68 2
36 52 1
36 54 2
36 56 2
36 57 2
36 61 3
36 64 2
36 69 2
37 51 2
37 52 2
37 53 2
37 61 2
37 63 2
37 68 3
37 69 1
37 70 2
38 53 2
38 54 2
38 57 2
38 58 2
38 59 2
38 64 3
38 68 3
38 70 3
39 53 2
39 59 2
39 62 3
39 63 2
39 67 2
39 68 3
39 70 2
40 54 3
40 62 2
40 63 3
40 68 2
41 54 3
41 62 2
41 66 2
41 67 2
42 54 2
42 56 2
42 58 2
42 59 2
42 61 2
42 63 2
42 66 2
43 56 3
43 57 2
43 64 1
43 65 2
43 67 3
44 51 2
44 52 2
44 53 3
44 54 1
44 57 2
44 61 2
44 69 3
45 51 2
45 54 2
45 58 2
45 59 2
45 61 2
45 66 1
46 51 2
46 52 2
46 57 2
46 61 2
46 65 2
46 68 3
47 51 2
47 54 1
47 57 2
47 69 2
48 52 2
48 53 2
48 57 1
48 59 2
48 60 1
48 62 2
48 65 1
48 67 2
49 55 2
49 58 2
49 62 2
49 64 2
49 65 1
49 67 2
49 69 2
50 53 2
50 55 2
50 58 2
50 62 3
50 64 2
50 65 2
50 70 2
51 71 2
51 74 1
52 71 2
53 71 2
53 73 2
53 74 1
54 72 1
54 73 3
54 74 3
55 71 2
55 72 1
55 73 2
56 72 2
56 74 2
57 72 1
58 71 2
58 73 2
58 74 3
59 74 3
60 71 1
60 73 3
60 74 2
61 72 1
61 73 3
62 73 1
63 71 1
63 72 2
63 74 2
64 72 3
64 73 1
64 74 2
65 72 2
65 73 1
66 71 1
67 71 1
67 73 2
67 74 2
68 71 3
68 72 1
68 73 2
69 72 1
69 74 2
70 73 1
