0 33 2
0 35 2
0 44 2
1 40 2
2 38 2
2 43 2
3 35 2
3 43 2
3 44 2
4 31 2
4 39 2
5 33 2
5 39 2
5 41 2
5 45 2
6 31 2
6 32 2
6 34 2
6 38 2
7 45 2
8 31 2
8 41 2
8 46 2
9 36 2
9 46 2
9 47 2
9 49 2
10 42 2
10 49 2
11 48 2
12 33 2
12 36 2
12 40 2
12 41 2
13 49 2
14 33 2
14 35 2
14 38 2
14 47 2
15 44 2
15 47 3
15 50 2
16 37 2
16 46 2
17 34 2
17 36 2
17 46 2
18 31 2
18 40 2
18 45 2
19 32 2
19 44 2
19 49 2
20 39 2
20 40 2
20 41 2
20 45 2
20 47 2
21 32 2
21 36 2
22 33 2
22 36 2
22 46 2
23 33 2
23 38 2
23 43 2
23 45 2
23 47 2
23 48 2
24 46 2
25 33 2
25 44 2
25 46 2
25 50 2
26 40 2
26 41 2
27 35 2
27 36 2
27 39 2
27 42 2
27 48 2
27 49 2
28 50 2
29 32 2
29 40 2
29 46 2
29 49 2
30 44 2
30 48 2
31 53 2
31 55 2
31 64 2
32 60 2
33 58 2
33 63 2
34 55 2
34 63 2
34 64 2
35 51 2
35 59 2
36 53 2
36 59 2
36 61 2
36 65 2
37 51 2
37 52 2
37 54 2
37 58 2
38 65 2
39 51 2
39 61 2
39 66 2
40 56 2
40 66 2
40 67 2
40 69 2
41 62 2
41 69 2
42 68 2
43 53 2
43 56 2
43 60 2
43 61 2
44 69 2
45 53 2
45 55 2
45 58 2
45 67 2
46 64 2
46 67 3
46 70 2
47 57 2
47 66 2
48 54 2
48 56 2
48 66 2
49 51 2
49 60 2
49 65 2
50 52 2
50 64 2
50 69 2
51 73 2
52 71 2
54 72 2
58 72 2
62 74 2
64 71 2
67 71 2
69 71 2
69 72 2
