0 40 2 
1 39 1 
1 43 1 
2 34 2 
2 35 1 
2 37 2 
2 49 3 
3 46 2 
4 36 2 
4 40 2 
4 46 2 
5 31 2 
5 34 2 
5 42 2 
6 32 2 
6 36 2 
6 40 2 
6 49 2 
6 50 3 
7 32 2 
7 37 2 
7 39 2 
7 43 1 
7 45 3 
7 46 3 
7 47 2 
7 49 1 
8 32 2 
8 35 3 
8 45 1 
9 38 2 
9 40 2 
9 44 3 
9 48 2 
9 50 1 
10 41 2 
10 45 2 
11 32 2 
11 34 2 
11 46 2 
12 37 3 
12 39 3 
12 42 3 
12 49 2 
13 35 2 
13 37 2 
13 44 3 
13 47 2 
14 31 1 
14 33 2 
14 35 2 
14 36 2 
14 41 2 
14 43 3 
14 48 3 
14 50 2 
15 37 2 
15 39 2 
15 42 2 
15 44 2 
15 45 1 
15 46 2 
15 48 2 
16 43 2 
17 31 1 
17 35 2 
17 42 3 
17 48 2 
17 50 2 
18 34 3 
18 36 2 
18 48 2 
19 32 1 
19 43 1 
19 44 2 
19 45 1 
20 32 2 
20 39 2 
20 50 2 
21 38 3 
21 48 2 
21 49 3 
21 50 3 
22 36 3 
22 40 2 
22 41 1 
22 42 2 
22 46 3 
22 50 2 
23 43 2 
24 36 2 
24 41 2 
24 42 3 
24 44 1 
25 32 2 
26 48 2 
26 50 2 
27 32 1 
27 36 3 
27 43 1 
28 33 2 
28 35 2 
28 40 3 
28 42 2 
29 32 1 
29 34 1 
29 40 2 
30 33 2 
30 34 2 
30 36 1 
30 47 3 
30 50 3 
31 51 3 
31 60 3 
32 52 2 
32 55 2 
32 59 2 
32 60 3 
33 51 3 
33 55 2 
33 56 2 
33 59 1 
33 60 2 
34 51 3 
34 53 1 
34 58 3 
35 54 1 
35 55 1 
35 57 3 
36 53 3 
36 59 3 
37 56 2 
38 56 1 
38 59 2 
39 52 2 
39 56 1 
39 57 2 
39 58 2 
39 60 3 
40 52 2 
40 56 1 
40 59 2 
41 51 2 
41 54 1 
42 52 1 
42 53 3 
42 58 2 
43 52 1 
43 56 3 
43 60 3 
44 54 2 
44 59 1 
44 60 3 
45 51 3 
45 52 1 
45 53 2 
45 57 1 
45 59 1 
46 53 1 
46 55 3 
46 56 3 
46 57 1 
46 59 1 
47 52 1 
47 55 3 
48 52 2 
48 55 1 
48 56 2 
48 60 2 
49 58 3 
49 60 1 
50 54 3 
50 55 2 
50 58 2 
50 60 1 
51 61 3 
51 62 1 
52 62 1 
52 63 2 
53 61 3 
53 62 3 
53 64 1 
54 63 1 
54 64 3 
55 63 1 
55 64 3 
56 61 3 
57 61 1 
57 62 1 
58 61 1 
58 63 3 
59 61 1 
59 63 2 
60 62 3 
60 64 1 
