0 32 2 
0 39 3 
0 40 1 
0 43 2 
0 47 2 
0 49 2 
1 33 2 
1 34 2 
1 40 2 
1 48 2 
1 50 1 
2 32 2 
2 33 3 
2 49 3 
3 32 2 
3 33 2 
3 34 2 
3 38 2 
3 39 2 
3 40 2 
3 43 2 
3 45 2 
3 46 2 
4 33 2 
4 34 2 
4 40 2 
4 43 1 
4 47 2 
5 31 3 
5 35 2 
5 40 2 
5 42 2 
5 49 2 
6 33 2 
6 36 2 
6 37 2 
6 38 2 
6 40 2 
6 49 2 
7 39 2 
8 32 1 
8 45 3 
8 49 2 
9 31 2 
9 32 2 
9 39 2 
9 40 2 
9 43 2 
10 40 1 
10 42 2 
10 44 2 
10 45 2 
11 35 2 
11 37 1 
11 40 2 
11 47 2 
12 32 1 
12 33 2 
13 32 2 
13 34 2 
13 44 3 
13 47 2 
14 32 1 
14 45 2 
14 50 3 
15 34 2 
15 36 2 
15 39 2 
15 48 2 
16 34 2 
16 36 1 
16 47 2 
17 31 2 
17 34 2 
17 36 2 
17 40 2 
18 41 2 
18 45 2 
18 48 2 
19 35 2 
19 46 1 
19 48 2 
20 34 2 
20 37 2 
20 47 2 
21 37 2 
21 39 3 
21 42 2 
21 48 2 
21 49 2 
22 35 2 
22 36 2 
22 41 2 
22 44 2 
23 41 2 
24 36 2 
24 37 2 
24 40 2 
25 44 2 
25 50 2 
26 46 2 
27 31 2 
28 38 2 
28 42 2 
29 31 2 
29 34 2 
29 36 2 
29 37 2 
29 40 2 
29 50 1 
30 32 2 
30 33 2 
30 41 2 
30 42 2 
30 43 2 
31 52 2 
31 55 2 
31 56 3 
31 59 2 
31 60 2 
32 53 3 
32 56 1 
32 58 1 
32 59 2 
33 53 2 
33 55 2 
33 59 1 
33 60 2 
34 51 2 
34 52 3 
34 54 2 
34 57 2 
34 59 3 
35 51 2 
35 54 2 
35 57 2 
36 53 3 
36 56 2 
36 58 3 
37 54 2 
37 56 2 
37 58 2 
38 52 2 
38 53 2 
38 58 2 
39 51 3 
39 53 3 
39 56 2 
40 52 2 
40 53 1 
40 55 2 
40 56 3 
40 57 3 
40 59 2 
41 53 2 
41 54 2 
41 58 2 
42 58 2 
43 52 2 
43 59 3 
44 52 2 
44 57 2 
44 58 3 
45 59 2 
46 54 2 
46 59 3 
47 51 2 
47 52 2 
47 55 1 
48 57 2 
49 51 2 
49 55 2 
49 59 2 
49 60 1 
50 54 2 
50 55 2 
50 57 2 
50 58 3 
50 59 2 
51 61 2 
51 63 2 
51 64 3 
52 61 2 
52 62 2 
53 63 1 
53 64 3 
54 61 2 
54 63 2 
54 64 1 
55 62 1 
55 63 3 
55 64 2 
56 61 1 
56 63 3 
56 64 1 
57 62 2 
57 63 2 
58 61 1 
58 62 3 
58 64 1 
59 61 3 
59 62 1 
59 63 2 
59 64 1 
