784 805 2
784 806 2
784 808 2
784 809 2
784 811 2
785 804 2
785 807 2
785 810 2
785 811 2
785 813 3
786 804 2
786 807 2
786 809 3
786 811 2
787 804 2
787 805 2
787 806 2
787 810 2
787 812 2
787 813 2
788 804 2
788 806 2
788 808 2
788 812 2
789 804 2
789 805 2
789 806 2
789 807 2
789 809 2
789 810 2
789 811 2
789 813 2
790 805 2
790 808 2
790 810 2
790 811 2
790 812 2
791 806 2
791 807 2
791 808 2
791 810 2
791 812 2
791 813 2
792 807 2
792 808 2
792 809 2
792 810 1
792 811 2
793 805 2
793 809 2
793 810 2
793 811 2
793 812 2
793 813 3
794 804 2
794 805 2
794 806 2
794 808 2
794 812 2
795 804 2
795 806 2
795 808 2
795 810 2
795 811 2
795 812 2
795 813 2
796 805 3
796 807 2
796 808 2
796 810 2
796 813 2
797 804 3
797 808 2
797 809 2
798 804 2
798 807 2
798 808 2
798 811 1
799 805 2
799 807 1
799 808 2
799 811 2
799 812 2
799 813 2
800 804 1
800 806 2
800 808 2
800 812 2
801 805 1
801 808 2
801 809 2
801 813 2
802 806 2
802 807 2
802 809 2
802 810 2
802 811 2
802 813 2
803 806 1
803 808 2
803 811 2
803 812 2
803 813 2
804 814 2
804 815 2
804 816 2
804 817 2
804 819 3
804 820 2
804 821 2
804 822 2
804 823 2
805 814 2
805 815 2
805 816 3
805 818 2
805 820 1
805 822 2
805 823 2
806 814 2
806 815 2
806 816 2
806 817 1
806 819 2
806 822 2
807 814 3
807 815 2
807 817 2
807 819 2
807 821 2
807 822 3
807 823 2
808 814 2
808 815 3
808 817 2
808 821 1
808 823 1
809 814 3
809 815 2
809 816 2
809 817 2
809 820 3
809 821 2
809 822 2
809 823 2
810 817 2
810 818 1
810 820 2
810 821 2
810 822 2
810 823 2
811 814 2
811 815 2
811 818 2
811 819 1
811 821 2
811 822 2
811 823 2
812 814 2
812 815 2
812 816 2
812 817 2
812 818 2
812 820 1
812 822 2
812 823 2
813 816 2
813 817 2
813 818 2
813 819 2
813 820 2
813 821 2
813 822 2
813 823 2
