0 32 1
0 35 1
0 36 1
0 40 1
0 41 1
0 47 1
0 48 1
1 38 1
1 41 1
2 31 1
2 44 1
2 45 1
3 34 1
3 35 1
3 36 1
3 38 1
3 42 1
3 43 1
3 44 1
3 45 1
3 49 1
3 50 1
4 31 1
4 32 1
4 34 1
4 40 1
4 41 1
4 43 1
4 45 1
4 49 1
5 37 1
5 42 1
5 48 1
5 50 1
6 32 1
6 35 1
6 42 1
6 43 1
6 47 1
6 49 1
7 31 1
7 32 1
7 40 1
7 43 1
7 44 1
7 45 1
7 47 1
7 50 1
8 33 1
8 36 1
8 37 1
8 39 1
8 44 1
8 49 1
9 32 1
9 33 1
9 34 1
9 35 1
9 40 1
9 43 1
9 46 1
9 50 1
10 34 1
10 38 1
10 42 1
10 43 1
10 46 1
10 47 1
10 48 1
10 49 1
11 32 1
11 35 1
11 37 1
11 38 1
11 44 1
11 45 1
11 46 1
11 50 1
12 32 1
12 34 1
12 36 1
12 40 1
12 43 1
13 31 1
13 34 1
13 36 1
13 37 1
13 38 1
13 49 1
14 32 1
14 33 1
14 35 1
14 36 1
14 40 1
14 42 1
14 44 1
14 48 1
15 31 1
15 37 1
15 40 1
15 42 1
15 45 1
15 49 1
15 50 1
16 35 1
16 37 1
16 39 1
16 40 1
16 41 1
17 31 1
17 34 1
17 35 1
17 47 1
18 32 1
18 38 1
18 39 1
18 41 1
18 47 1
18 48 1
18 49 1
18 50 1
19 31 1
19 34 1
19 35 1
19 37 1
19 38 1
19 39 1
19 40 1
19 42 1
19 46 1
20 33 1
20 36 1
20 37 1
20 40 1
20 42 1
20 49 1
20 50 1
21 38 1
21 44 1
22 31 1
22 33 1
22 44 1
22 50 1
23 31 1
23 35 1
23 36 1
23 41 1
23 43 1
23 46 1
23 47 1
23 50 1
24 32 1
24 37 1
24 38 1
24 39 1
24 40 1
24 42 1
24 43 1
24 45 1
24 47 1
25 32 1
25 34 1
25 36 1
25 37 1
25 39 1
25 40 1
25 42 1
25 43 1
25 45 1
25 46 1
26 31 1
26 32 1
26 33 1
26 36 1
26 39 1
26 40 1
26 42 1
26 45 1
26 46 1
26 48 1
26 49 1
26 50 1
27 35 1
27 36 1
27 37 1
27 39 1
27 40 1
27 50 1
28 31 1
28 34 1
28 39 1
28 43 1
28 44 1
28 48 1
28 50 1
29 36 1
29 37 1
29 39 1
29 43 1
29 44 1
29 50 1
30 32 1
30 34 1
30 37 1
30 38 1
30 40 1
30 44 1
30 49 1
31 52 1
31 55 1
31 56 1
31 60 1
32 51 1
32 57 1
32 58 1
33 51 1
33 57 1
33 58 1
34 51 1
34 53 1
34 54 1
34 56 1
34 59 1
35 51 1
35 55 1
36 54 1
36 55 1
37 52 1
37 54 1
37 55 1
37 56 1
37 57 1
37 58 1
38 52 1
38 53 1
38 54 1
38 55 1
38 57 1
38 59 1
38 60 1
39 51 1
39 52 1
39 53 1
39 54 1
39 57 1
40 51 1
40 53 1
40 55 1
40 59 1
40 60 1
41 57 1
42 52 1
42 57 1
42 58 1
43 52 1
43 55 1
43 60 1
44 51 1
44 52 1
44 53 1
44 57 1
45 51 1
45 52 1
46 53 1
46 54 1
46 55 1
46 57 1
46 58 1
46 59 1
47 51 1
47 53 1
47 56 1
47 57 1
47 59 1
48 54 1
48 55 1
48 59 1
48 60 1
49 52 1
49 53 1
49 54 1
49 55 1
49 57 1
49 60 1
50 52 1
50 53 1
50 56 1
51 62 1
52 61 1
52 62 1
53 62 1
53 63 1
55 62 1
55 64 1
56 61 1
57 61 1
57 64 1
58 63 1
59 61 1
59 62 1
59 64 1
60 63 1
