0 33 2
0 35 2
0 44 2
1 40 2
1 50 2
2 43 2
3 35 2
3 36 2
3 43 2
3 44 2
3 49 2
4 31 2
4 32 2
4 36 2
4 39 2
4 40 2
4 49 2
5 33 2
5 35 2
5 36 2
5 39 2
5 41 2
5 45 2
6 31 2
6 32 3
6 34 2
6 36 2
6 49 2
6 50 2
7 32 2
7 38 2
7 43 2
7 45 2
7 49 2
8 31 2
8 32 2
8 41 2
8 50 2
9 46 2
9 47 3
9 48 2
9 49 2
10 42 2
10 48 2
10 49 2
11 47 2
11 48 2
12 32 2
12 33 2
12 35 2
12 36 2
12 40 2
12 41 2
12 48 2
13 35 2
13 36 2
13 47 2
13 48 2
13 49 2
14 32 2
14 33 2
14 35 3
14 38 2
14 41 2
14 47 3
14 48 2
15 36 2
15 44 2
15 47 3
16 37 2
16 46 2
17 34 2
17 36 2
17 42 2
18 31 2
18 45 2
18 50 2
19 32 2
19 44 2
19 49 2
20 39 2
20 40 2
20 41 2
20 47 2
21 32 2
21 36 2
21 38 2
21 40 2
21 46 2
22 33 2
22 36 2
22 40 2
22 43 2
22 46 3
23 31 2
23 33 2
23 38 2
23 43 2
23 45 2
23 46 3
23 47 2
23 48 2
24 46 2
25 33 2
25 36 2
25 44 2
25 46 2
25 50 2
26 41 2
26 50 2
27 35 2
27 39 2
27 42 2
27 48 2
27 49 2
28 38 2
28 46 2
28 50 3
29 32 2
29 35 2
29 38 2
29 40 2
29 46 2
29 49 2
29 50 3
30 36 2
30 37 2
30 38 2
30 43 2
30 44 2
30 48 2
30 50 3
31 53 2
31 55 2
31 64 2
31 67 2
31 68 2
32 57 2
32 58 2
32 59 3
32 60 2
33 58 2
33 59 2
33 63 2
33 64 2
34 55 2
34 63 2
34 64 2
35 51 2
35 54 3
36 51 2
36 53 2
36 58 2
36 59 3
36 61 2
36 65 2
37 51 2
37 52 3
37 54 2
37 58 2
38 52 2
38 61 2
38 63 2
38 65 2
39 51 2
39 52 2
39 61 2
39 66 2
40 56 2
40 66 2
40 67 3
40 68 2
40 69 2
41 62 2
41 68 2
41 69 2
42 54 2
42 68 2
43 53 2
43 54 2
43 56 2
43 58 2
43 59 2
43 60 2
43 61 2
43 67 2
44 69 2
45 53 2
45 55 2
45 58 2
45 67 2
46 58 2
46 64 2
46 67 3
46 70 2
47 54 3
47 57 2
47 66 2
48 54 3
48 56 2
48 61 2
48 66 2
49 51 2
49 59 3
49 60 2
49 65 2
50 52 3
50 57 2
50 61 3
50 63 2
50 69 2
51 71 2
51 73 2
52 71 1
52 72 2
52 73 2
52 74 3
53 73 2
54 71 2
54 72 3
54 73 1
54 74 2
55 72 2
57 72 2
57 74 2
58 71 2
58 72 1
58 74 2
59 71 3
59 73 1
59 74 2
61 71 2
61 73 2
61 74 3
63 71 2
63 74 2
64 71 2
64 73 2
67 71 1
67 72 2
67 73 3
68 73 2
69 71 2
69 72 2
70 73 2
