0 31 2 
0 36 2 
0 40 2 
0 49 1 
1 31 2 
1 36 2 
1 39 2 
1 43 2 
1 48 2 
1 49 2 
2 34 2 
2 35 2 
2 43 2 
2 49 3 
3 36 2 
3 45 3 
3 46 2 
4 34 2 
4 36 2 
4 38 2 
4 40 2 
5 31 2 
5 34 2 
5 42 2 
5 43 2 
5 45 1 
5 46 2 
5 49 2 
6 32 2 
6 36 2 
6 40 2 
6 46 1 
6 49 2 
6 50 2 
7 32 2 
7 39 2 
7 43 2 
7 45 2 
7 46 2 
7 47 2 
7 49 1 
8 32 2 
8 35 2 
8 45 2 
8 46 2 
8 49 2 
9 38 2 
9 40 2 
9 44 2 
9 48 2 
9 50 2 
10 41 2 
10 45 2 
11 34 2 
12 37 2 
12 39 2 
12 42 2 
13 35 2 
13 44 2 
13 46 2 
13 47 2 
14 31 2 
14 41 2 
14 43 2 
14 46 2 
14 48 2 
14 50 2 
15 39 2 
15 42 2 
15 44 2 
15 45 2 
15 46 2 
15 48 2 
16 43 2 
17 31 2 
17 42 2 
17 48 2 
17 50 2 
18 36 2 
18 43 2 
19 32 2 
19 43 2 
19 44 2 
19 45 2 
20 32 2 
20 39 2 
20 45 2 
20 50 2 
21 38 2 
21 49 2 
21 50 2 
22 36 2 
22 37 2 
22 41 2 
22 42 2 
22 46 2 
22 50 2 
23 36 2 
23 43 2 
23 49 2 
24 35 2 
24 41 2 
24 42 2 
24 44 2 
24 45 2 
25 36 2 
25 45 2 
26 48 2 
26 50 2 
27 32 2 
27 36 2 
27 39 2 
27 43 2 
27 45 2 
27 46 2 
27 49 2 
28 33 2 
28 40 2 
28 42 2 
28 49 2 
29 32 2 
29 34 2 
29 40 2 
29 49 2 
30 36 2 
30 37 2 
30 46 2 
30 47 2 
30 50 2 
31 51 3 
31 58 2 
31 60 2 
32 55 2 
32 60 2 
33 51 2 
33 55 2 
33 59 2 
33 60 2 
34 51 2 
34 53 1 
34 58 2 
35 54 2 
35 55 2 
35 57 2 
36 53 3 
36 59 3 
38 56 2 
38 59 2 
39 52 2 
39 54 2 
39 56 2 
39 58 2 
39 60 2 
40 52 2 
40 56 2 
40 59 2 
41 51 2 
41 54 2 
42 51 2 
42 52 2 
42 53 2 
43 52 2 
43 53 2 
43 56 2 
43 58 2 
43 60 2 
44 54 2 
44 59 2 
44 60 3 
45 51 3 
45 52 2 
45 53 3 
45 57 2 
45 58 2 
45 59 2 
46 51 2 
46 53 1 
46 55 2 
46 56 3 
46 57 2 
46 58 2 
46 59 2 
47 52 2 
47 55 3 
48 52 2 
48 55 2 
49 51 1 
49 56 2 
49 58 3 
49 60 2 
50 54 3 
50 55 2 
50 58 2 
50 60 2 
51 61 3 
51 62 1 
51 63 1 
51 64 3 
52 62 2 
52 63 2 
53 61 3 
53 62 3 
53 63 2 
53 64 1 
54 63 1 
54 64 2 
55 63 2 
55 64 3 
56 61 2 
56 62 2 
56 63 2 
57 61 2 
57 62 2 
58 61 1 
58 63 3 
58 64 2 
59 61 1 
59 63 2 
60 62 3 
60 64 2 
