60 785 2
94 823 2
128 789 2
157 825 2
179 806 2
180 803 2
181 823 2
182 806 2
185 789 2
185 825 2
187 825 2
188 825 2
207 816 2
208 790 2
208 806 2
209 823 2
210 790 2
211 790 2
211 806 2
212 790 2
215 792 2
216 792 2
237 790 2
238 790 2
241 811 2
242 789 2
242 825 2
243 823 2
243 825 2
244 825 2
247 800 2
248 809 2
265 811 2
265 825 2
266 825 2
266 830 2
267 828 2
268 811 2
268 816 2
270 787 2
271 825 2
272 789 2
272 828 2
273 816 2
274 789 2
276 809 2
290 811 2
290 821 2
292 811 2
293 793 2
293 811 2
293 825 2
293 826 2
294 793 2
294 825 2
294 830 2
295 801 2
296 787 2
296 792 2
296 831 2
297 792 2
298 792 2
298 825 2
299 792 2
303 789 2
317 811 2
318 790 2
319 790 2
319 809 2
319 826 2
320 790 2
320 802 2
321 790 2
321 811 2
321 812 2
322 790 2
322 804 2
322 812 2
323 826 2
325 801 2
327 792 2
328 792 2
332 812 2
346 818 2
347 802 2
347 819 2
348 785 2
348 786 2
348 793 2
348 802 2
348 818 2
348 819 2
349 793 2
349 797 2
350 797 2
350 833 2
353 793 2
358 795 2
374 802 2
375 793 2
376 793 2
376 814 2
377 784 2
378 833 2
379 808 2
379 833 2
387 823 2
397 793 2
405 804 2
406 813 2
415 823 2
429 800 2
431 815 2
431 824 2
432 813 2
432 824 2
433 784 2
433 797 2
433 804 2
434 784 2
434 813 2
434 821 2
434 826 2
434 833 2
450 800 2
455 814 2
456 829 2
458 832 2
459 804 2
459 815 2
460 804 2
461 784 2
461 788 2
461 813 2
465 830 2
466 826 2
468 786 2
469 826 2
485 832 2
486 804 2
486 829 2
487 802 2
488 804 2
489 802 2
491 804 2
493 826 2
494 826 2
495 826 2
513 799 2
513 832 2
516 832 2
517 788 2
517 825 2
520 800 2
520 826 2
521 826 2
522 826 2
541 832 2
544 825 2
544 832 2
546 804 2
552 816 2
569 815 2
569 832 2
572 832 2
573 817 2
580 798 2
598 821 2
599 818 2
601 823 2
603 801 2
630 800 2
648 791 2
656 801 2
656 814 2
658 801 2
659 801 2
661 801 2
684 797 2
705 829 2
731 811 2
784 836 2
784 841 2
784 843 2
784 844 2
784 845 2
784 846 2
784 848 2
784 853 2
784 855 3
784 856 2
784 859 2
784 863 2
784 865 2
784 866 2
784 867 2
784 870 2
784 871 3
784 879 1
784 880 2
785 842 2
785 844 2
785 849 2
785 850 2
785 851 2
785 852 2
785 853 2
785 854 2
785 855 2
785 857 2
785 858 2
785 861 2
785 870 2
785 871 1
785 872 2
785 874 2
785 875 2
785 877 2
785 878 2
785 879 2
785 880 2
785 883 2
786 835 2
786 836 2
786 839 2
786 840 2
786 842 2
786 844 1
786 846 2
786 847 2
786 849 2
786 850 2
786 853 1
786 854 2
786 856 2
786 859 2
786 860 2
786 864 2
786 865 2
786 870 2
786 873 2
786 875 2
786 878 2
786 879 2
787 835 2
787 839 2
787 844 2
787 845 2
787 846 2
787 848 2
787 849 2
787 850 2
787 851 2
787 852 2
787 854 2
787 860 2
787 861 2
787 862 2
787 863 2
787 871 2
787 874 2
787 875 3
787 876 2
787 881 2
788 835 2
788 839 3
788 841 2
788 842 2
788 844 1
788 848 2
788 849 3
788 854 2
788 859 2
788 862 2
788 863 2
788 865 2
788 866 2
788 868 2
788 875 2
788 876 2
788 878 2
788 880 2
788 883 2
789 834 2
789 836 2
789 837 1
789 838 2
789 847 2
789 849 2
789 851 2
789 852 2
789 856 2
789 857 2
789 859 2
789 860 2
789 862 2
789 863 2
789 864 2
789 865 2
789 869 2
789 871 3
789 872 2
789 874 3
789 875 2
789 878 2
789 879 3
789 881 2
789 883 2
790 837 2
790 839 1
790 840 2
790 842 2
790 847 2
790 849 1
790 854 2
790 855 2
790 859 2
790 860 2
790 861 2
790 862 2
790 868 2
790 874 2
790 875 2
790 878 1
790 879 2
790 881 1
790 883 2
791 837 2
791 840 2
791 847 2
791 849 2
791 850 2
791 851 2
791 852 2
791 854 3
791 855 2
791 857 2
791 860 2
791 861 2
791 865 2
791 875 2
791 876 2
791 879 2
791 880 2
791 883 2
792 835 2
792 837 2
792 841 2
792 842 2
792 848 2
792 849 2
792 850 3
792 851 2
792 853 2
792 857 2
792 858 2
792 862 2
792 863 2
792 864 2
792 869 2
792 871 2
792 875 2
792 876 2
792 877 2
792 878 2
792 880 2
793 834 2
793 835 2
793 838 2
793 840 2
793 841 2
793 843 2
793 844 2
793 845 1
793 846 3
793 849 2
793 861 2
793 862 2
793 864 2
793 865 2
793 866 2
793 868 2
793 870 2
793 871 3
793 876 2
793 878 1
793 880 2
793 882 2
794 837 2
794 841 2
794 842 2
794 843 2
794 846 2
794 847 2
794 852 2
794 854 2
794 855 2
794 858 2
794 860 1
794 863 2
794 864 2
794 866 2
794 867 2
794 869 2
794 870 2
794 872 2
794 877 2
794 879 2
794 880 2
794 882 2
794 883 2
795 834 2
795 839 2
795 840 2
795 841 2
795 842 1
795 843 2
795 844 2
795 846 2
795 847 2
795 851 2
795 852 2
795 855 2
795 856 2
795 858 2
795 862 1
795 864 2
795 866 2
795 869 2
795 872 2
795 873 2
795 877 2
795 879 2
795 882 2
795 883 2
796 835 2
796 836 2
796 837 2
796 838 2
796 840 2
796 841 2
796 844 2
796 845 2
796 850 2
796 854 2
796 856 2
796 863 2
796 869 2
796 870 2
796 871 2
796 872 2
796 875 3
796 881 2
796 883 2
797 834 3
797 836 2
797 837 2
797 838 2
797 839 2
797 847 2
797 848 2
797 851 2
797 854 2
797 855 3
797 856 2
797 858 2
797 863 2
797 864 2
797 865 2
797 868 2
797 872 2
797 874 3
797 875 1
797 876 2
797 878 2
797 883 2
798 836 2
798 841 2
798 843 2
798 845 2
798 848 2
798 849 2
798 850 2
798 851 2
798 852 2
798 853 2
798 855 2
798 857 2
798 858 2
798 859 2
798 860 2
798 861 2
798 864 2
798 865 3
798 869 2
798 877 2
798 879 2
799 834 2
799 839 2
799 840 2
799 841 2
799 842 2
799 844 2
799 848 2
799 851 2
799 852 2
799 859 2
799 862 2
799 864 1
799 865 2
799 868 2
799 870 2
799 877 2
799 878 2
799 879 2
799 882 2
799 883 2
800 834 1
800 835 2
800 836 2
800 838 2
800 841 3
800 842 2
800 843 2
800 844 2
800 846 2
800 847 1
800 848 2
800 850 2
800 853 2
800 855 2
800 857 2
800 859 2
800 860 2
800 863 2
800 866 2
800 868 2
800 874 2
800 876 2
800 882 2
801 834 2
801 836 2
801 839 2
801 841 3
801 842 2
801 844 2
801 845 2
801 846 2
801 851 2
801 853 2
801 855 2
801 858 2
801 861 2
801 862 2
801 863 3
801 865 2
801 867 2
801 869 2
801 871 2
801 874 2
801 875 2
801 877 2
801 878 2
801 881 2
801 883 2
802 834 2
802 837 2
802 842 2
802 846 2
802 847 2
802 852 2
802 854 2
802 855 2
802 856 2
802 860 2
802 861 2
802 862 2
802 863 2
802 865 1
802 869 2
802 870 2
802 871 3
802 874 2
802 876 2
802 878 2
802 882 2
803 834 2
803 838 2
803 839 2
803 840 2
803 842 2
803 843 2
803 847 2
803 848 2
803 849 2
803 859 2
803 862 2
803 863 2
803 864 2
803 865 2
803 868 2
803 869 2
803 870 2
803 871 1
803 874 2
803 877 2
803 878 2
803 879 2
803 882 2
804 834 2
804 835 2
804 836 2
804 837 2
804 839 2
804 840 2
804 842 2
804 844 2
804 847 2
804 848 2
804 851 2
804 852 2
804 853 2
804 854 1
804 855 2
804 857 2
804 860 2
804 862 2
804 867 2
804 870 2
804 871 2
804 875 2
804 876 2
804 877 2
804 878 2
804 881 2
804 883 2
805 837 2
805 844 2
805 845 2
805 846 2
805 851 2
805 852 2
805 855 2
805 856 2
805 858 2
805 864 2
805 868 2
805 869 2
805 870 2
805 872 2
805 879 2
805 880 2
805 882 2
805 883 2
806 834 2
806 835 3
806 836 2
806 843 2
806 844 2
806 845 2
806 847 2
806 849 2
806 852 2
806 853 1
806 854 2
806 855 2
806 857 2
806 858 2
806 859 2
806 863 2
806 867 2
806 869 2
806 870 2
806 873 1
806 875 2
806 879 2
806 880 2
806 881 3
807 834 2
807 835 1
807 838 2
807 839 2
807 841 2
807 851 2
807 855 2
807 856 2
807 857 2
807 861 2
807 862 2
807 864 2
807 867 2
807 869 2
807 870 2
807 875 2
807 881 2
808 836 2
808 837 2
808 840 2
808 841 2
808 842 3
808 845 2
808 849 2
808 851 2
808 854 2
808 856 2
808 858 2
808 859 2
808 860 2
808 863 2
808 865 2
808 868 2
808 869 2
808 874 2
808 877 2
808 879 2
808 880 2
808 881 2
808 882 2
808 883 2
809 836 2
809 837 1
809 841 2
809 842 2
809 846 2
809 847 2
809 850 2
809 853 2
809 856 2
809 859 2
809 863 2
809 865 2
809 869 2
809 871 1
809 872 2
809 874 2
809 875 2
809 881 2
809 883 2
810 839 2
810 840 2
810 843 1
810 846 2
810 850 3
810 859 2
810 863 2
810 870 2
810 872 2
810 873 2
810 874 2
810 877 2
810 882 2
811 835 2
811 837 2
811 838 2
811 840 2
811 841 3
811 843 2
811 844 3
811 847 2
811 850 2
811 851 2
811 853 2
811 854 2
811 855 2
811 858 2
811 861 2
811 864 2
811 869 2
811 870 3
811 872 2
811 875 2
811 878 2
811 879 2
812 834 2
812 838 2
812 839 2
812 840 2
812 843 2
812 844 2
812 847 2
812 849 2
812 854 2
812 857 2
812 858 2
812 860 2
812 861 2
812 863 2
812 867 2
812 872 2
812 873 2
812 874 3
812 876 2
812 877 2
812 878 2
812 882 2
812 883 2
813 835 2
813 839 2
813 840 1
813 841 2
813 844 2
813 846 2
813 847 2
813 848 2
813 849 2
813 851 2
813 854 2
813 859 2
813 860 2
813 863 2
813 868 3
813 873 2
813 874 2
813 877 2
813 880 2
813 881 2
814 835 2
814 837 3
814 841 2
814 842 2
814 845 2
814 847 3
814 851 2
814 852 2
814 853 2
814 859 2
814 863 2
814 867 2
814 868 2
814 871 2
814 872 2
814 874 2
814 877 2
814 878 2
814 879 2
814 880 2
814 883 2
815 836 2
815 838 2
815 841 2
815 843 2
815 845 2
815 849 2
815 850 3
815 851 2
815 855 2
815 861 2
815 862 2
815 865 2
815 867 2
815 869 2
815 870 2
815 872 2
815 874 2
815 878 2
815 879 2
815 880 2
815 881 2
815 882 2
816 834 2
816 835 2
816 837 2
816 839 2
816 840 2
816 842 2
816 843 2
816 845 2
816 848 1
816 854 2
816 855 1
816 864 3
816 870 2
816 871 1
816 872 2
816 873 2
816 874 3
816 875 2
816 878 2
816 880 2
816 881 2
817 835 2
817 839 3
817 840 2
817 844 2
817 846 2
817 848 1
817 850 2
817 851 2
817 852 2
817 853 2
817 854 2
817 859 2
817 863 2
817 864 2
817 865 2
817 866 2
817 868 2
817 871 2
817 873 1
817 874 2
817 875 1
817 878 2
817 879 2
817 880 2
818 834 2
818 840 2
818 841 2
818 842 2
818 843 2
818 849 2
818 852 2
818 853 2
818 857 2
818 858 2
818 859 2
818 865 2
818 867 2
818 868 2
818 870 2
818 871 2
818 873 2
818 877 3
818 878 2
818 879 2
818 880 1
819 834 1
819 835 2
819 839 2
819 841 3
819 847 2
819 848 2
819 850 2
819 852 2
819 858 2
819 865 2
819 871 2
819 872 2
819 875 2
819 877 2
819 880 2
819 881 1
820 834 2
820 835 2
820 840 2
820 845 2
820 847 2
820 853 2
820 854 2
820 855 2
820 858 2
820 859 2
820 860 2
820 862 2
820 863 2
820 865 2
820 869 3
820 870 2
820 871 2
820 872 2
820 875 2
820 876 2
820 878 2
820 879 2
821 835 2
821 836 2
821 838 2
821 839 2
821 846 2
821 852 2
821 853 2
821 857 2
821 858 2
821 862 2
821 864 2
821 866 2
821 867 2
821 868 2
821 870 1
821 871 2
821 875 2
821 877 2
821 881 2
822 838 2
822 842 2
822 844 2
822 848 1
822 850 2
822 852 2
822 853 2
822 854 2
822 857 2
822 859 3
822 860 2
822 862 2
822 865 2
822 866 3
822 867 2
822 874 2
822 883 2
823 834 2
823 835 1
823 841 2
823 843 2
823 844 2
823 847 2
823 850 2
823 851 2
823 852 2
823 853 2
823 855 2
823 856 2
823 858 1
823 863 2
823 864 3
823 866 2
823 868 2
823 869 2
823 871 2
823 875 2
823 876 2
823 877 2
823 879 2
823 881 2
824 834 2
824 836 2
824 837 2
824 842 2
824 843 2
824 844 2
824 846 2
824 850 2
824 852 2
824 857 1
824 858 2
824 860 2
824 861 2
824 863 2
824 865 2
824 866 2
824 877 2
824 878 2
824 881 2
824 882 2
825 837 2
825 838 2
825 839 3
825 844 2
825 846 1
825 848 2
825 849 2
825 850 2
825 851 2
825 852 2
825 853 2
825 856 2
825 859 3
825 860 2
825 861 2
825 863 1
825 864 2
825 865 2
825 867 2
825 868 2
825 871 2
825 874 2
825 875 2
825 877 2
825 881 2
825 882 2
825 883 2
826 835 2
826 837 2
826 840 2
826 841 2
826 843 2
826 845 2
826 848 2
826 851 2
826 853 2
826 855 3
826 859 2
826 862 2
826 863 2
826 865 2
826 867 2
826 873 2
826 874 2
826 875 2
826 876 2
826 877 2
826 880 2
826 881 2
826 883 2
827 834 2
827 835 2
827 838 1
827 842 2
827 843 2
827 844 2
827 845 2
827 846 2
827 854 2
827 855 2
827 856 2
827 860 2
827 861 3
827 863 2
827 865 2
827 870 2
827 872 2
827 877 2
827 878 2
827 879 2
828 837 2
828 844 1
828 845 2
828 846 2
828 848 2
828 849 2
828 850 2
828 853 2
828 857 2
828 859 2
828 864 2
828 866 2
828 867 2
828 870 2
828 875 2
828 876 2
828 877 1
828 878 2
828 881 2
829 834 2
829 835 2
829 836 2
829 847 2
829 848 2
829 852 2
829 854 2
829 855 2
829 856 2
829 859 2
829 863 2
829 868 1
829 871 2
829 873 2
829 874 2
829 875 2
829 876 2
829 878 2
829 879 2
829 880 2
829 881 2
829 883 2
830 834 2
830 837 2
830 839 2
830 840 2
830 841 2
830 842 2
830 845 1
830 846 2
830 847 2
830 848 2
830 849 2
830 850 2
830 852 2
830 853 2
830 854 2
830 859 2
830 860 2
830 864 2
830 865 2
830 867 2
830 869 2
830 871 2
830 874 2
830 876 3
830 879 2
830 883 2
831 834 2
831 835 2
831 836 2
831 841 2
831 843 2
831 844 3
831 849 2
831 850 2
831 853 2
831 854 2
831 856 2
831 859 2
831 860 2
831 861 2
831 866 2
831 867 2
831 869 2
831 872 2
831 873 2
831 874 2
831 876 2
831 877 2
831 879 2
831 880 2
831 883 2
832 834 2
832 835 2
832 836 2
832 839 3
832 842 2
832 843 2
832 844 2
832 847 2
832 850 2
832 853 2
832 858 2
832 859 1
832 860 2
832 862 2
832 863 2
832 870 2
832 874 1
832 875 2
832 877 3
832 878 2
832 882 2
833 834 2
833 835 2
833 841 2
833 847 2
833 849 2
833 853 2
833 855 2
833 857 2
833 862 2
833 865 2
833 867 2
833 868 2
833 869 2
833 871 2
833 872 2
833 874 1
833 875 2
833 877 2
833 879 2
833 881 2
833 882 2
833 883 2
834 886 2
834 887 3
834 888 2
834 889 1
834 892 2
834 894 2
834 895 2
834 896 2
834 898 3
834 901 2
834 903 3
835 884 2
835 885 2
835 886 3
835 888 2
835 890 2
835 895 3
835 898 2
835 899 2
835 900 2
835 901 2
836 884 2
836 885 2
836 886 2
836 891 2
836 892 2
836 893 2
836 896 2
837 885 2
837 889 2
837 890 2
837 896 2
837 897 2
837 901 2
837 903 2
838 885 2
838 892 2
838 899 2
838 900 2
838 903 2
839 884 2
839 885 2
839 886 2
839 889 2
839 891 1
839 894 2
839 895 2
839 896 2
839 897 2
839 898 2
839 901 3
839 903 2
840 885 2
840 886 2
840 888 2
840 889 2
840 891 2
840 897 2
840 901 2
841 885 3
841 886 1
841 891 3
841 893 2
841 894 2
841 895 1
841 897 1
841 898 2
841 901 2
842 885 2
842 886 1
842 887 2
842 890 3
842 891 2
842 893 2
842 895 1
842 901 2
842 902 2
843 884 2
843 885 2
843 886 2
843 888 2
843 889 1
843 890 2
843 893 2
843 894 1
843 896 2
843 898 2
843 901 2
844 885 2
844 886 2
844 887 2
844 888 2
844 889 2
844 890 2
844 891 3
844 892 2
844 895 2
844 897 2
844 898 2
844 899 2
844 901 2
845 885 2
845 886 2
845 887 2
845 889 2
845 890 2
845 891 2
845 893 2
845 894 2
845 896 2
845 897 2
846 885 2
846 886 2
846 887 2
846 888 2
846 890 2
846 892 2
846 897 2
846 899 1
846 902 2
846 903 2
847 884 2
847 886 2
847 889 2
847 892 1
847 893 2
847 894 2
847 895 2
847 896 2
847 897 3
847 898 2
847 899 2
847 900 2
847 901 1
847 903 2
848 886 2
848 887 2
848 889 2
848 891 2
848 892 2
848 897 2
848 901 2
849 888 2
849 891 2
849 892 2
849 893 2
849 895 1
849 897 2
849 898 1
849 899 2
849 901 2
849 903 2
850 885 2
850 886 1
850 887 2
850 890 2
850 892 2
850 895 1
850 897 3
850 900 2
850 901 1
851 886 2
851 888 2
851 891 2
851 894 2
851 897 2
851 903 2
852 887 2
852 888 2
852 889 2
852 890 2
852 892 2
852 893 2
852 894 2
852 897 2
852 899 2
852 901 2
853 884 2
853 886 1
853 887 1
853 889 2
853 890 2
853 891 2
853 892 2
853 894 2
853 897 1
853 898 2
853 901 2
853 903 2
854 884 2
854 887 2
854 888 2
854 889 2
854 891 2
854 894 2
854 896 2
854 897 3
854 898 1
854 900 2
854 901 2
855 885 2
855 886 2
855 889 3
855 890 2
855 891 2
855 892 2
855 894 1
855 897 2
855 898 2
855 901 2
855 903 3
856 892 2
856 897 2
856 899 2
856 900 2
857 884 1
857 887 2
857 888 2
857 893 2
857 894 2
857 895 2
857 896 2
857 903 2
858 884 2
858 885 2
858 886 2
858 891 2
858 893 2
858 894 2
858 900 2
858 901 2
858 903 2
859 886 2
859 887 1
859 888 2
859 889 2
859 890 2
859 891 2
859 892 3
859 894 2
859 895 2
859 898 2
859 901 2
860 884 3
860 887 2
860 888 2
860 889 2
860 891 1
860 893 2
860 894 2
860 897 2
860 899 2
860 902 2
861 885 2
861 886 2
861 887 2
861 889 1
861 890 2
861 892 2
861 896 2
861 898 1
861 899 2
861 902 2
862 885 2
862 890 3
862 891 2
862 892 2
862 893 2
862 894 2
862 896 2
862 899 2
863 884 2
863 885 3
863 886 2
863 887 3
863 888 2
863 889 2
863 891 3
863 894 2
863 897 2
863 898 1
863 903 2
864 884 2
864 885 2
864 886 2
864 888 2
864 889 2
864 891 3
864 894 2
864 897 2
864 899 2
864 900 2
864 901 1
864 903 2
865 884 2
865 886 2
865 888 3
865 889 2
865 890 1
865 891 2
865 892 3
865 896 2
865 897 2
865 900 2
865 902 2
865 903 2
866 884 2
866 886 2
866 888 2
866 890 2
866 891 2
866 896 2
866 898 2
866 900 2
866 901 2
867 884 1
867 887 2
867 890 1
867 891 2
867 901 2
867 903 2
868 884 2
868 885 2
868 886 2
868 887 1
868 889 2
868 890 2
868 891 2
868 897 2
868 898 1
868 900 2
869 886 2
869 887 2
869 889 3
869 891 2
869 892 2
869 894 2
869 896 2
869 897 1
869 901 2
870 884 2
870 886 2
870 890 3
870 891 1
870 895 3
870 901 3
870 902 2
871 885 2
871 886 2
871 888 3
871 889 2
871 890 3
871 892 1
871 893 2
871 894 1
871 895 2
871 898 2
871 901 3
871 903 3
872 887 2
872 888 2
872 889 2
872 890 2
872 891 2
873 891 2
873 892 2
873 894 2
873 896 2
873 897 2
873 900 2
873 903 2
874 884 2
874 885 1
874 886 3
874 889 2
874 890 2
874 891 3
874 892 1
874 896 2
874 897 2
874 899 2
874 901 2
874 902 2
875 884 1
875 885 2
875 886 2
875 887 1
875 890 3
875 892 2
875 894 3
875 895 2
875 896 2
875 897 2
875 898 3
875 901 2
875 903 1
876 886 2
876 890 2
876 895 2
876 899 2
876 901 2
876 903 2
877 884 2
877 886 2
877 887 3
877 890 2
877 891 2
877 892 3
877 894 2
877 895 2
877 896 2
877 897 2
877 901 1
877 902 2
878 885 2
878 887 2
878 889 2
878 891 1
878 892 2
878 895 3
878 897 1
878 900 2
878 902 2
878 903 2
879 884 2
879 885 2
879 887 2
879 891 2
879 894 2
879 895 2
879 900 2
879 901 3
879 902 2
880 891 2
880 893 2
880 894 2
880 897 3
880 898 2
880 900 2
880 901 2
881 884 2
881 885 2
881 887 2
881 892 3
881 893 2
881 894 2
881 895 2
881 896 2
881 897 2
881 898 1
881 901 2
882 884 2
882 885 2
882 893 2
882 896 2
882 902 2
882 903 2
883 884 2
883 887 2
883 888 1
883 889 2
883 890 2
883 891 1
883 893 2
883 895 2
883 902 1
883 903 2
884 906 1
884 907 3
884 908 1
884 909 2
884 910 3
884 912 2
884 913 1
885 904 2
885 905 2
885 906 3
885 907 1
885 909 2
885 910 3
885 911 1
886 905 2
886 906 1
886 908 2
886 909 1
886 910 1
886 911 2
886 912 2
886 913 3
887 904 3
887 905 2
887 907 1
887 908 1
887 909 2
887 910 3
887 911 1
887 912 3
887 913 2
888 904 2
888 905 2
888 906 3
888 907 2
888 910 1
888 911 2
888 912 3
888 913 1
889 904 2
889 905 3
889 906 3
889 908 3
889 912 1
889 913 1
890 904 2
890 905 2
890 906 3
890 907 2
890 910 1
890 911 3
890 912 2
890 913 1
891 905 2
891 907 3
891 908 1
891 909 3
891 910 1
891 911 1
891 912 1
892 904 2
892 905 1
892 906 2
892 907 1
892 908 3
892 909 2
892 910 3
892 911 2
892 912 2
893 904 2
893 905 3
893 907 2
893 908 2
893 912 2
894 904 3
894 905 2
894 906 1
894 907 1
894 908 2
894 910 2
894 912 1
895 904 2
895 905 1
895 908 2
895 909 1
895 910 1
895 911 2
895 912 2
895 913 2
896 904 1
896 905 2
896 906 2
896 907 1
896 908 2
896 910 2
896 913 2
897 904 1
897 905 1
897 907 2
897 908 2
897 909 3
897 910 1
897 911 3
897 912 3
897 913 3
898 904 2
898 905 3
898 906 2
898 907 1
898 908 1
898 909 2
898 910 1
898 911 3
898 913 2
899 904 2
899 906 3
899 907 2
899 908 1
899 909 1
900 905 1
900 909 2
900 910 2
900 913 2
901 904 2
901 905 3
901 906 3
901 907 3
901 909 1
901 910 2
901 911 3
901 912 1
902 905 2
902 907 2
902 908 2
902 909 2
902 911 2
902 912 1
902 913 3
903 904 1
903 905 3
903 906 2
903 907 2
903 908 2
903 911 2
903 913 1
