0 32 2
0 43 2
0 48 2
1 32 2
1 33 2
2 36 2
2 38 2
2 40 2
2 48 2
3 37 2
3 49 2
4 40 3
4 43 2
5 32 2
5 46 2
5 47 2
6 31 2
6 39 2
6 40 2
6 44 2
6 45 2
6 49 2
7 32 2
7 36 2
7 37 2
7 40 3
7 41 2
7 43 2
7 45 2
7 46 2
8 32 2
8 42 2
9 32 2
9 37 2
9 44 2
10 33 2
10 38 2
10 42 2
10 46 2
11 33 2
11 36 2
11 37 2
11 47 2
12 33 2
12 37 2
12 40 2
12 43 2
12 44 2
13 42 2
13 43 2
14 33 3
14 37 2
14 43 2
16 38 2
17 31 2
17 37 2
17 39 2
17 40 2
17 48 2
18 33 2
19 39 2
19 43 2
19 44 2
20 33 2
20 35 2
20 37 2
20 42 2
21 42 2
21 43 2
21 46 2
21 48 2
22 36 2
22 40 2
22 42 2
22 45 2
22 46 2
23 32 2
23 33 2
23 34 2
23 39 2
23 42 2
23 43 2
23 49 2
24 31 2
24 43 2
24 44 2
24 50 2
25 32 2
25 39 2
25 45 2
26 46 2
26 50 2
27 37 2
28 35 2
28 37 2
28 44 2
28 45 2
28 46 2
29 31 2
29 34 2
29 35 2
29 38 2
29 47 2
30 31 2
30 34 2
30 37 2
30 38 2
30 40 2
30 44 2
30 46 2
31 53 2
31 59 2
32 53 2
32 54 2
32 58 2
33 51 2
33 52 2
33 57 3
33 59 2
34 54 2
34 59 2
35 56 2
35 60 2
36 54 2
37 56 2
37 57 3
38 53 2
38 56 2
38 59 3
39 53 2
39 54 2
39 56 2
39 60 2
40 53 3
40 56 3
40 57 2
41 53 2
41 56 2
42 54 3
42 56 2
42 57 2
42 60 2
43 55 2
43 56 2
43 57 2
43 59 2
44 59 2
45 53 2
45 54 2
45 56 2
45 57 2
45 59 2
46 55 2
46 56 2
47 52 2
47 59 2
48 52 2
48 54 2
49 52 2
49 56 2
50 54 2
51 62 2
53 61 3
53 62 1
53 63 2
53 64 2
54 61 2
54 63 3
54 64 2
55 62 2
56 61 3
56 62 2
56 63 2
56 64 2
57 62 3
57 63 2
57 64 1
59 61 1
59 63 2
59 64 3
60 62 2
60 63 2
