0 37 1
0 39 1
0 47 1
0 49 1
1 32 1
1 36 1
1 37 1
1 39 1
1 40 1
1 45 1
1 47 1
1 48 1
1 49 1
2 38 1
2 40 1
2 41 1
3 33 1
3 34 1
3 36 1
3 37 1
3 42 1
3 44 1
3 49 1
4 31 1
4 33 1
4 34 1
4 36 1
4 38 1
4 39 1
4 47 1
4 49 1
5 31 1
5 35 1
5 37 1
5 38 1
5 40 1
5 42 1
5 46 1
5 47 1
5 49 1
5 50 1
6 32 1
6 33 1
6 34 1
6 41 1
7 32 1
7 33 1
7 37 1
7 41 1
8 37 1
8 39 1
8 40 1
9 33 1
9 36 1
9 43 1
9 46 1
9 47 1
9 49 1
10 32 1
10 36 1
10 44 1
11 40 1
11 42 1
11 47 1
11 49 1
12 39 1
12 43 1
12 46 1
12 47 1
12 48 1
12 49 1
13 32 1
13 48 1
13 49 1
14 35 1
14 48 1
14 50 1
15 38 1
16 45 1
16 47 1
17 31 1
17 32 1
17 37 1
17 40 1
17 42 1
17 44 1
17 46 1
18 38 1
19 31 1
19 33 1
19 34 1
19 40 1
19 42 1
19 46 1
19 49 1
20 40 1
20 46 1
21 37 1
21 40 1
21 46 1
21 50 1
22 48 1
22 49 1
23 31 1
23 39 1
23 44 1
24 31 1
24 35 1
24 47 1
25 32 1
25 40 1
25 46 1
26 35 1
26 38 1
26 40 1
26 50 1
27 31 1
27 34 1
27 39 1
27 40 1
27 48 1
28 49 1
29 32 1
29 35 1
29 37 1
29 39 1
29 44 1
29 45 1
29 50 1
30 31 1
30 32 1
30 35 1
30 36 1
30 37 1
30 40 1
30 45 1
31 52 1
31 58 1
31 59 1
32 57 1
32 59 1
32 60 1
33 52 1
33 53 1
33 56 1
33 58 1
33 59 1
33 60 1
34 52 1
34 55 1
34 57 1
34 60 1
35 55 1
35 58 1
35 60 1
36 52 1
36 59 1
36 60 1
37 52 1
37 53 1
37 54 1
37 55 1
37 56 1
37 59 1
37 60 1
38 52 1
38 53 1
38 54 1
38 59 1
39 53 1
39 54 1
39 56 1
39 58 1
40 53 1
40 57 1
40 59 1
41 51 1
41 54 1
41 55 1
41 58 1
41 60 1
42 52 1
42 53 1
42 56 1
42 57 1
42 58 1
42 60 1
43 52 1
43 53 1
43 54 1
44 56 1
44 57 1
44 60 1
45 51 1
45 52 1
45 53 1
45 57 1
45 59 1
45 60 1
46 52 1
46 55 1
46 56 1
46 59 1
47 52 1
47 55 1
47 58 1
47 59 1
47 60 1
48 51 1
48 55 1
48 58 1
49 53 1
49 56 1
49 59 1
50 52 1
50 53 1
50 56 1
50 57 1
50 58 1
50 59 1
51 62 1
51 63 1
51 64 1
52 61 1
52 63 1
52 64 1
53 61 1
53 62 1
53 63 1
54 61 1
54 62 1
55 61 1
55 62 1
55 63 1
56 62 1
56 63 1
57 62 1
57 64 1
58 61 1
58 62 1
58 64 1
59 61 1
59 63 1
59 64 1
60 61 1
60 64 1
