0 36 2
0 38 2
0 39 2
0 43 3
0 44 2
0 50 2
1 31 2
1 32 2
1 38 2
1 41 2
1 46 2
1 47 2
1 50 1
2 35 2
2 44 1
2 46 2
2 47 2
3 33 2
3 39 2
3 42 3
3 44 3
3 46 2
3 49 2
4 32 2
4 35 2
4 46 1
4 48 3
4 49 3
4 50 2
5 31 2
5 32 1
5 37 2
5 38 2
5 41 2
5 43 1
5 44 2
6 32 2
6 35 2
6 36 1
6 38 2
6 41 3
6 48 2
7 42 2
7 48 2
7 50 1
8 34 1
8 36 2
8 38 2
8 48 2
9 35 3
9 46 1
10 33 2
10 35 1
10 36 2
10 49 2
11 33 2
11 41 2
11 42 2
11 43 2
11 46 2
11 49 2
12 31 2
12 32 2
12 43 2
12 45 2
12 49 1
13 36 2
13 37 2
13 39 1
13 43 2
13 45 2
14 31 2
14 33 2
14 38 1
14 41 2
14 48 2
15 34 2
15 35 2
15 48 1
15 50 2
16 41 1
16 42 2
16 43 2
16 49 1
17 33 2
17 34 1
17 39 2
17 42 2
17 47 2
18 31 2
18 38 2
18 44 1
18 48 2
19 33 2
19 37 2
19 40 3
19 46 2
19 49 2
20 39 2
20 40 1
20 45 2
20 47 1
20 48 2
21 36 2
21 38 2
21 40 2
21 42 2
21 46 2
22 31 2
22 33 2
22 36 2
22 37 2
22 38 2
22 44 2
22 45 2
22 46 2
22 48 2
23 41 1
23 42 2
23 44 2
24 37 2
24 45 1
24 47 2
24 50 2
25 33 2
25 47 2
26 39 2
26 42 2
26 43 2
26 46 1
27 32 2
27 37 3
27 42 2
27 45 2
27 47 2
27 50 2
28 31 2
28 39 2
28 43 2
29 35 2
29 36 2
29 41 2
29 44 2
30 36 1
30 40 2
30 42 2
30 48 2
30 50 2
31 55 2
31 57 1
31 58 2
31 61 3
31 67 1
32 51 1
32 54 2
32 58 2
32 59 2
32 64 3
32 67 2
32 70 2
33 54 2
33 56 2
33 57 2
33 62 3
33 65 2
33 66 2
33 68 2
33 69 2
34 54 2
34 55 2
34 56 2
34 58 2
34 59 3
34 65 2
34 70 3
35 53 2
35 54 2
35 56 2
35 58 2
35 59 2
35 60 3
35 63 2
35 64 2
36 51 2
36 52 1
36 53 2
36 56 2
36 57 2
36 58 3
36 62 2
36 70 2
37 52 1
37 53 2
37 56 2
37 62 2
37 64 2
37 68 1
38 58 1
38 61 2
38 65 1
38 66 2
38 69 1
39 53 3
39 54 1
39 55 1
39 59 2
39 67 1
40 54 1
40 55 2
40 56 2
40 63 2
40 65 2
40 67 3
41 55 1
41 58 2
41 61 2
41 64 3
41 65 2
41 67 2
42 53 2
42 57 1
42 58 2
42 60 2
42 62 2
42 63 1
42 66 2
42 67 2
42 68 2
42 69 3
43 51 1
43 53 2
43 57 2
43 58 3
43 59 2
43 60 3
43 66 1
43 68 1
43 69 2
43 70 2
44 53 2
44 56 2
44 57 1
44 58 3
44 59 2
44 65 2
45 51 2
45 52 2
45 53 2
45 56 2
45 57 1
45 61 2
45 63 3
45 67 2
45 69 2
46 51 2
46 53 1
46 56 2
46 60 2
46 62 3
46 63 2
46 65 2
46 67 3
46 68 1
46 69 3
46 70 2
47 51 2
47 52 2
47 56 3
47 59 1
47 61 3
47 62 2
47 67 2
47 70 2
48 52 2
48 53 3
48 60 3
48 62 2
48 65 2
48 66 3
48 67 2
48 69 2
49 51 1
49 53 2
49 56 1
49 60 3
49 61 2
49 63 2
49 65 3
49 66 2
50 51 2
50 54 2
50 56 3
50 59 2
50 60 3
50 63 1
50 64 3
51 71 2
51 72 1
51 73 3
52 71 2
52 72 2
53 73 2
53 74 3
55 71 3
55 73 2
56 73 3
56 74 1
57 72 2
57 73 2
57 74 2
58 71 3
58 72 1
58 73 1
59 71 2
59 73 2
60 71 2
60 72 3
60 73 1
60 74 3
61 73 2
62 74 2
63 73 2
63 74 1
64 72 2
65 71 2
67 72 3
67 74 1
68 73 1
68 74 1
69 71 3
69 74 2
70 72 2
70 74 2
