60 785 2
77 823 2
450 800 2
731 811 2
784 835 2
784 836 2
784 845 2
784 848 2
784 853 2
784 855 2
784 856 2
784 863 2
784 866 2
784 867 2
784 870 2
784 871 2
784 873 2
784 879 2
784 880 2
785 844 2
785 850 2
785 851 2
785 853 2
785 854 2
785 857 2
785 858 2
785 859 2
785 861 2
785 870 2
785 871 2
785 872 2
785 878 2
785 880 2
785 883 2
786 835 2
786 836 2
786 840 2
786 842 2
786 844 2
786 846 2
786 850 2
786 853 2
786 854 2
786 856 2
786 865 2
786 870 2
786 873 2
786 875 2
786 878 2
786 879 2
787 839 2
787 844 2
787 845 2
787 846 2
787 848 2
787 849 2
787 850 2
787 852 2
787 854 2
787 860 2
787 861 2
787 862 2
787 863 2
787 875 2
787 876 2
787 881 2
788 839 2
788 844 2
788 848 2
788 849 2
788 854 2
788 859 2
788 865 2
788 866 2
788 868 2
788 875 2
788 876 2
788 880 2
788 883 2
789 837 2
789 838 2
789 856 2
789 857 2
789 860 2
789 862 2
789 864 2
789 871 2
789 872 2
789 874 2
789 878 2
789 879 2
789 883 2
790 839 2
790 840 2
790 844 2
790 847 2
790 849 2
790 854 2
790 859 2
790 860 2
790 861 2
790 862 2
790 865 2
790 868 2
790 874 2
790 878 2
790 881 2
790 883 2
791 840 2
791 844 2
791 847 2
791 851 2
791 852 2
791 853 2
791 854 3
791 857 2
791 860 2
791 861 2
791 865 2
791 875 2
791 876 2
791 879 2
791 880 2
791 883 2
792 835 2
792 837 2
792 844 2
792 848 2
792 850 2
792 851 2
792 853 2
792 857 2
792 862 2
792 863 2
792 864 2
792 869 2
792 871 2
792 876 2
792 877 2
792 880 2
793 835 2
793 838 2
793 840 2
793 845 1
793 846 2
793 852 2
793 858 2
793 861 2
793 866 2
793 868 2
793 871 2
793 876 2
793 878 2
793 880 2
793 882 2
794 837 2
794 842 2
794 843 2
794 844 2
794 846 2
794 852 2
794 854 2
794 855 2
794 858 2
794 860 2
794 866 2
794 867 2
794 869 2
794 870 2
794 877 2
794 879 2
794 882 2
794 883 2
795 834 2
795 840 2
795 842 2
795 846 2
795 847 2
795 851 2
795 852 2
795 855 2
795 856 2
795 862 2
795 864 2
795 866 2
795 869 2
795 872 2
795 873 2
795 877 2
795 882 2
795 883 2
796 835 2
796 836 2
796 838 2
796 840 2
796 841 2
796 845 2
796 856 2
796 869 2
796 870 2
796 871 2
796 872 2
796 875 2
796 881 2
796 883 2
797 834 2
797 836 1
797 838 2
797 839 2
797 848 2
797 854 2
797 855 2
797 856 2
797 858 2
797 863 2
797 871 2
797 872 2
797 874 2
797 875 2
797 876 2
797 878 2
798 841 2
798 843 2
798 845 2
798 848 2
798 849 1
798 852 2
798 857 2
798 858 2
798 860 2
798 861 2
798 862 2
798 864 2
798 865 2
798 869 2
798 879 2
799 834 2
799 839 2
799 840 2
799 841 2
799 851 2
799 852 2
799 864 1
799 865 2
799 868 2
799 870 2
799 875 2
799 877 2
799 879 2
799 880 2
799 882 2
799 883 2
800 834 2
800 835 2
800 836 2
800 838 2
800 839 2
800 841 2
800 842 2
800 843 2
800 844 2
800 846 2
800 847 1
800 848 2
800 850 2
800 855 2
800 857 2
800 859 2
800 860 2
800 866 2
800 874 2
800 876 2
800 882 2
801 836 2
801 842 2
801 846 2
801 847 2
801 848 2
801 849 2
801 851 2
801 853 2
801 858 2
801 861 2
801 862 2
801 863 2
801 867 2
801 869 2
801 871 2
801 874 2
801 881 2
801 883 2
802 842 2
802 846 2
802 847 2
802 848 2
802 853 2
802 854 2
802 855 2
802 856 2
802 859 2
802 860 2
802 861 2
802 862 2
802 863 2
802 865 2
802 869 2
802 871 2
802 874 2
802 876 2
802 878 2
802 882 2
803 838 2
803 839 2
803 840 2
803 843 2
803 849 2
803 853 2
803 862 2
803 865 1
803 868 2
803 871 2
803 875 2
803 879 2
803 882 2
804 834 2
804 836 2
804 837 2
804 840 2
804 842 2
804 844 2
804 848 2
804 851 2
804 852 2
804 853 2
804 854 2
804 857 2
804 862 2
804 867 2
804 870 2
804 871 2
804 875 2
804 876 2
804 877 2
804 881 2
805 837 2
805 844 2
805 845 2
805 846 2
805 851 2
805 852 2
805 855 2
805 856 2
805 858 2
805 864 2
805 868 2
805 869 2
805 870 2
805 872 2
805 879 2
805 880 2
805 882 2
805 883 2
806 835 2
806 836 2
806 845 2
806 847 2
806 849 2
806 852 2
806 853 2
806 854 2
806 857 2
806 867 2
806 869 2
806 873 1
806 875 2
806 880 2
806 881 2
807 835 1
807 838 2
807 839 2
807 841 2
807 851 2
807 855 2
807 856 2
807 857 2
807 861 2
807 862 2
807 864 2
807 867 2
807 869 2
807 870 2
807 875 2
808 836 2
808 840 2
808 841 2
808 842 2
808 845 2
808 849 2
808 851 2
808 856 2
808 858 2
808 859 2
808 860 2
808 863 2
808 865 2
808 868 2
808 869 2
808 874 2
808 882 2
808 883 2
809 836 2
809 837 1
809 841 2
809 842 2
809 846 2
809 847 2
809 853 2
809 856 2
809 859 2
809 863 2
809 865 2
809 871 1
809 872 2
809 874 2
809 883 2
810 839 2
810 840 2
810 843 1
810 850 2
810 859 2
810 863 2
810 870 2
810 872 2
810 873 2
810 874 2
810 875 2
810 882 2
811 838 2
811 840 2
811 841 2
811 843 2
811 844 2
811 847 2
811 849 2
811 850 2
811 851 2
811 854 2
811 855 2
811 857 2
811 861 2
811 863 2
811 864 2
811 869 2
811 870 2
811 872 2
812 834 2
812 836 2
812 839 2
812 840 2
812 844 2
812 849 2
812 854 2
812 857 2
812 858 2
812 860 2
812 861 2
812 863 2
812 867 2
812 872 2
812 873 2
812 874 2
812 876 2
812 877 2
812 878 2
812 882 2
812 883 2
813 840 1
813 844 2
813 846 2
813 847 2
813 848 2
813 849 2
813 851 2
813 859 2
813 860 2
813 863 2
813 864 2
813 868 2
813 877 2
813 880 2
814 837 2
814 842 2
814 845 2
814 847 3
814 851 2
814 852 2
814 858 2
814 867 2
814 872 2
814 874 2
814 875 2
814 877 2
814 878 2
814 879 2
815 835 2
815 836 2
815 838 2
815 839 2
815 845 2
815 850 2
815 851 2
815 861 2
815 862 2
815 867 2
815 869 2
815 872 2
815 874 2
815 880 2
815 881 2
815 882 2
816 834 2
816 837 2
816 840 2
816 841 2
816 842 2
816 843 2
816 844 2
816 845 2
816 848 2
816 855 2
816 862 2
816 864 2
816 873 2
816 879 2
816 880 2
816 881 2
817 835 2
817 839 2
817 840 2
817 844 2
817 848 2
817 850 2
817 854 2
817 859 2
817 863 2
817 865 2
817 866 2
817 868 2
817 873 1
817 875 2
817 878 2
818 834 2
818 840 2
818 841 2
818 843 2
818 852 2
818 853 2
818 857 2
818 858 2
818 859 2
818 865 2
818 867 2
818 868 2
818 870 2
818 871 2
818 873 2
818 877 2
818 878 2
818 880 2
819 834 2
819 835 2
819 839 2
819 841 2
819 848 2
819 849 2
819 850 2
819 852 2
819 858 2
819 872 2
819 874 2
819 877 2
819 880 2
819 881 1
820 834 2
820 835 2
820 840 2
820 845 2
820 855 2
820 858 2
820 859 2
820 860 2
820 862 2
820 865 2
820 869 2
820 870 2
820 871 2
820 872 2
820 876 2
820 878 2
820 879 2
821 835 2
821 838 2
821 846 2
821 850 2
821 853 2
821 857 2
821 863 2
821 866 2
821 867 2
821 868 2
821 870 1
821 875 2
821 881 2
822 838 2
822 842 2
822 847 2
822 848 2
822 850 2
822 852 2
822 854 2
822 857 2
822 858 2
822 859 2
822 862 2
822 866 3
822 867 2
822 874 2
822 883 2
823 834 2
823 835 2
823 843 2
823 844 2
823 852 2
823 855 2
823 856 2
823 858 1
823 864 2
823 866 2
823 868 2
823 869 2
823 876 2
823 877 2
823 879 2
823 881 2
824 834 2
824 836 2
824 837 2
824 842 2
824 843 2
824 850 2
824 852 2
824 854 2
824 857 1
824 858 2
824 860 2
824 861 2
824 863 2
824 865 2
824 866 2
824 881 2
824 882 2
825 835 2
825 838 2
825 839 2
825 846 2
825 851 2
825 852 2
825 856 2
825 859 2
825 860 2
825 863 2
825 867 2
825 871 2
825 875 2
825 882 2
825 883 2
826 840 2
826 841 2
826 843 2
826 845 2
826 850 2
826 853 2
826 855 2
826 858 2
826 860 2
826 862 2
826 865 2
826 867 2
826 873 2
826 874 2
826 875 2
826 876 2
826 880 2
826 881 2
826 883 2
827 834 2
827 835 2
827 838 2
827 839 2
827 842 2
827 845 2
827 846 2
827 848 2
827 854 2
827 855 2
827 856 2
827 858 2
827 859 2
827 861 3
827 863 2
827 872 2
827 877 2
828 837 2
828 844 1
828 846 2
828 849 2
828 853 2
828 855 2
828 857 2
828 859 2
828 864 2
828 866 2
828 867 2
828 870 2
828 876 2
828 877 2
828 881 2
828 883 2
829 836 2
829 843 2
829 848 2
829 852 2
829 855 2
829 856 2
829 868 2
829 871 2
829 872 2
829 873 2
829 874 2
829 875 2
829 876 2
829 879 2
829 880 2
829 881 2
829 883 2
830 834 2
830 840 2
830 842 2
830 845 2
830 852 2
830 853 2
830 854 2
830 860 2
830 862 2
830 864 2
830 865 2
830 867 2
830 868 2
830 869 2
830 874 2
830 876 3
831 834 2
831 836 2
831 841 2
831 844 2
831 849 2
831 850 2
831 853 2
831 856 2
831 860 2
831 861 2
831 866 2
831 867 2
831 872 2
831 873 2
831 876 2
831 878 2
831 879 2
831 880 2
831 883 2
832 834 2
832 836 2
832 839 2
832 842 2
832 847 2
832 849 2
832 850 2
832 853 2
832 858 2
832 859 1
832 863 2
832 868 2
832 874 2
832 875 2
832 877 2
832 880 2
832 882 2
833 835 2
833 847 2
833 849 2
833 853 2
833 855 2
833 857 2
833 862 2
833 867 2
833 872 2
833 874 2
833 881 2
833 882 2
833 883 2
834 886 2
834 887 2
834 889 2
834 895 2
834 898 2
834 903 2
835 885 2
835 886 2
835 890 2
835 895 2
835 898 2
835 899 2
835 900 2
836 884 2
836 886 2
836 892 2
836 893 2
836 896 2
837 887 2
837 889 2
837 890 2
837 896 2
837 901 2
838 885 2
838 892 2
838 898 2
838 899 2
838 900 2
838 903 2
839 891 2
839 898 2
839 901 2
840 885 2
840 886 2
840 888 2
840 889 2
840 891 2
840 897 2
840 901 2
841 885 2
841 886 2
841 891 2
841 893 2
841 894 2
841 895 2
841 897 2
841 898 2
842 885 2
842 890 2
842 893 2
842 895 1
842 902 2
843 884 2
843 888 2
843 889 2
843 893 2
843 894 2
843 896 2
844 887 2
844 889 2
844 890 2
844 891 2
844 895 2
844 897 2
844 898 2
844 899 2
844 903 2
845 886 2
845 887 2
845 889 2
845 890 2
845 893 2
845 894 2
845 896 2
845 897 2
846 887 2
846 894 2
846 899 1
846 902 2
846 903 2
847 891 2
847 892 1
847 893 2
847 894 2
847 896 2
847 897 2
847 898 2
847 899 2
847 900 2
847 901 2
848 886 2
848 891 2
848 896 2
849 888 2
849 893 2
849 895 2
849 897 2
849 898 2
849 899 2
850 885 2
850 886 2
850 890 2
850 892 2
850 895 2
850 897 2
850 900 2
850 901 2
851 888 2
851 889 2
851 894 2
851 903 2
852 888 2
852 889 2
852 892 2
852 893 2
852 897 2
852 899 2
853 886 2
853 887 2
853 889 2
853 892 2
853 897 2
853 898 2
853 903 2
854 884 2
854 888 2
854 894 2
854 895 2
854 897 2
854 898 2
854 900 2
855 885 2
855 886 2
855 889 2
855 892 2
855 895 2
855 897 2
855 903 2
856 892 2
856 897 2
856 899 2
856 900 2
857 884 1
857 887 2
857 888 2
857 893 2
857 894 2
857 895 2
857 896 2
857 903 2
858 886 2
858 891 2
858 893 2
858 900 2
858 903 2
859 886 2
859 887 2
859 891 2
859 892 2
859 894 2
860 884 2
860 888 2
860 889 2
860 891 2
860 893 2
860 899 2
860 902 2
861 889 2
861 896 2
861 898 2
861 899 2
861 902 2
862 886 2
862 890 2
862 893 2
862 896 2
862 898 2
862 899 2
863 884 2
863 885 2
863 887 2
863 891 2
863 897 2
863 898 2
863 903 2
864 884 2
864 885 2
864 886 2
864 888 2
864 894 2
864 897 2
864 899 2
864 900 2
864 901 2
865 885 2
865 888 2
865 890 2
865 892 2
865 894 2
865 900 2
865 902 2
866 884 2
866 886 2
866 887 2
866 888 2
866 890 2
866 891 2
866 896 2
866 898 2
866 900 2
866 901 2
867 884 1
867 887 2
867 890 1
867 891 2
867 901 2
867 903 2
868 884 2
868 887 2
868 889 2
868 898 2
868 900 2
869 885 2
869 887 2
869 889 2
869 895 2
869 896 2
869 901 2
870 884 2
870 886 2
870 890 2
870 891 2
870 895 2
870 901 2
870 902 2
871 888 2
871 892 2
871 893 2
871 894 2
871 901 2
871 903 2
872 887 2
872 888 2
872 890 2
873 885 2
873 891 2
873 892 2
873 894 2
873 896 2
873 897 2
873 900 2
874 884 2
874 885 1
874 886 2
874 889 2
874 892 2
874 895 2
874 896 2
874 899 2
874 902 2
875 884 1
875 885 2
875 887 2
875 890 2
875 894 2
875 896 2
876 886 2
876 890 2
876 895 2
876 899 2
876 901 2
876 903 2
877 887 2
877 890 2
877 892 2
877 896 2
877 897 2
877 901 2
877 902 2
878 885 2
878 888 2
878 891 2
878 892 2
878 895 2
878 897 2
878 900 2
878 902 2
878 903 2
879 894 2
879 900 2
879 901 2
879 902 2
880 889 2
880 891 2
880 893 2
880 897 2
880 898 2
880 900 2
880 901 2
881 884 2
881 892 2
881 893 2
881 894 2
881 895 2
881 898 2
882 884 2
882 885 2
882 893 2
882 896 2
882 902 2
882 903 2
883 888 1
883 889 2
883 891 2
883 893 2
883 902 1
884 907 2
884 909 2
884 910 2
884 913 2
885 904 2
885 906 3
885 907 1
885 910 2
885 911 1
886 905 2
886 906 2
886 909 2
886 910 1
886 911 2
886 912 2
886 913 2
887 904 3
887 907 2
887 908 2
887 909 2
887 911 2
887 912 2
887 913 2
888 908 2
888 910 2
888 911 2
888 912 2
888 913 2
889 904 2
889 905 2
889 906 2
889 907 2
889 908 2
889 913 2
890 904 2
890 906 2
890 910 1
890 911 2
890 912 2
890 913 1
891 907 2
891 909 3
891 910 2
891 911 1
891 912 2
891 913 2
892 905 2
892 906 2
892 908 2
892 910 2
893 904 2
893 905 3
893 907 2
893 908 2
893 912 2
894 907 2
894 908 2
894 910 2
894 912 2
894 913 2
895 905 2
895 907 2
895 909 1
895 910 1
895 911 2
896 904 1
896 905 2
896 907 2
896 908 2
896 910 2
896 913 2
897 904 2
897 905 2
897 906 2
897 908 2
897 909 2
897 910 2
897 911 2
897 912 3
898 905 3
898 906 2
898 907 1
898 908 1
898 910 2
898 911 2
899 904 2
899 906 3
899 907 2
899 908 1
899 909 1
900 905 1
900 909 2
900 910 2
900 913 2
901 904 2
901 905 2
901 906 2
901 907 2
901 909 1
901 911 2
901 912 2
902 905 2
902 907 2
902 908 2
902 909 2
902 911 2
902 912 1
902 913 3
903 904 1
903 907 2
903 909 2
903 911 1
903 913 2
