0 44 1
0 45 1
0 47 1
0 48 1
1 34 1
1 35 1
1 46 1
1 50 1
2 38 1
2 40 1
2 42 1
2 43 1
2 44 1
2 48 1
3 31 1
3 32 1
3 33 1
3 38 1
3 41 1
3 46 1
3 47 1
3 48 1
4 33 1
4 37 1
4 39 1
4 44 1
5 32 1
5 34 1
5 36 1
5 41 1
5 47 1
6 32 1
6 37 1
6 38 1
6 41 1
6 50 1
7 32 1
7 35 1
7 36 1
7 37 1
7 38 1
7 41 1
7 45 1
8 44 1
8 47 1
9 34 1
9 37 1
9 42 1
10 33 1
10 40 1
10 49 1
11 31 1
11 35 1
11 37 1
11 40 1
11 41 1
11 45 1
11 49 1
11 50 1
12 33 1
12 34 1
12 35 1
12 37 1
12 47 1
13 34 1
13 35 1
13 38 1
13 40 1
14 33 1
14 34 1
14 36 1
14 49 1
15 46 1
15 49 1
16 32 1
16 44 1
17 31 1
17 32 1
17 35 1
17 39 1
17 40 1
17 41 1
18 34 1
18 36 1
18 38 1
18 41 1
18 46 1
18 47 1
18 48 1
18 49 1
19 32 1
19 33 1
19 38 1
19 48 1
19 49 1
20 31 1
20 34 1
20 35 1
20 47 1
20 49 1
21 31 1
21 32 1
21 33 1
21 35 1
21 37 1
21 39 1
21 41 1
21 45 1
21 48 1
22 31 1
22 35 1
22 36 1
22 37 1
22 38 1
22 39 1
22 43 1
22 45 1
22 49 1
23 33 1
23 35 1
23 37 1
23 40 1
23 42 1
23 43 1
23 45 1
24 34 1
24 35 1
24 38 1
24 49 1
24 50 1
25 31 1
25 37 1
25 39 1
25 41 1
25 50 1
26 37 1
26 45 1
26 49 1
26 50 1
27 35 1
27 36 1
27 37 1
27 40 1
27 41 1
27 43 1
27 45 1
27 46 1
28 37 1
28 40 1
28 41 1
28 46 1
28 49 1
29 31 1
29 34 1
29 36 1
29 37 1
29 43 1
29 48 1
29 50 1
30 31 1
30 32 1
30 35 1
30 37 1
30 44 1
30 48 1
31 51 1
31 59 1
32 52 1
32 53 1
32 54 1
32 57 1
32 58 1
33 56 1
34 56 1
34 60 1
35 53 1
35 54 1
35 58 1
35 60 1
36 53 1
36 54 1
36 58 1
36 59 1
37 51 1
37 52 1
37 58 1
37 59 1
38 52 1
38 53 1
38 57 1
38 58 1
39 53 1
39 57 1
39 59 1
40 54 1
41 52 1
41 53 1
41 55 1
43 51 1
43 57 1
44 60 1
45 54 1
45 55 1
45 56 1
46 51 1
46 55 1
47 53 1
48 52 1
48 54 1
48 57 1
49 57 1
49 59 1
50 52 1
50 59 1
51 62 1
51 63 1
51 64 1
52 61 1
52 62 1
52 63 1
53 61 1
53 62 1
53 64 1
54 61 1
54 62 1
54 63 1
55 61 1
55 63 1
56 61 1
56 62 1
56 63 1
56 64 1
57 61 1
57 62 1
58 62 1
58 64 1
59 61 1
59 63 1
59 64 1
60 64 1
