2 806 2
2 831 2
3 812 2
7 819 2
7 830 2
8 788 2
8 794 2
10 822 2
11 795 2
11 803 2
12 829 2
13 796 2
13 797 2
13 831 2
14 787 2
15 816 2
15 824 2
16 784 2
16 809 2
18 801 2
18 806 2
18 826 2
19 785 2
19 790 2
19 819 2
20 807 2
21 821 2
25 808 2
26 800 2
26 829 2
28 787 2
29 821 2
30 833 2
32 814 2
32 822 2
33 785 2
33 812 2
34 802 2
35 808 2
36 821 2
37 820 2
38 795 2
38 825 2
38 831 2
39 793 2
41 786 2
44 795 2
45 801 2
45 831 2
46 804 2
46 809 2
47 796 2
48 790 2
48 813 2
49 793 2
49 819 2
50 804 2
51 789 2
51 792 2
52 805 2
53 787 2
53 799 2
53 830 2
54 796 1
55 795 2
57 792 2
58 810 2
58 814 2
59 830 2
61 785 2
62 796 2
62 821 2
62 829 2
64 798 2
64 833 2
65 793 2
69 789 2
71 828 2
74 794 2
76 807 2
78 805 2
78 820 2
78 833 2
80 826 2
80 830 2
81 796 2
84 801 2
85 799 2
85 830 2
86 818 2
88 792 2
88 821 2
90 819 2
90 825 2
91 795 2
91 820 2
91 829 2
92 785 2
92 796 2
92 797 2
92 809 2
93 827 2
94 823 2
94 829 2
96 814 2
97 792 1
99 814 2
102 798 2
102 806 2
102 824 2
102 832 2
103 784 2
103 830 2
104 811 2
104 816 2
105 786 2
105 819 2
106 792 2
106 831 2
108 805 2
108 813 2
109 824 2
111 821 2
112 820 2
113 803 2
115 786 2
115 800 2
116 797 2
118 831 2
121 784 2
122 820 2
123 784 2
123 793 2
123 805 2
123 820 2
124 819 2
125 821 2
126 784 2
127 792 2
127 813 2
129 788 2
129 833 2
130 804 2
130 826 2
133 788 2
134 830 2
135 832 2
136 792 2
136 817 2
139 790 2
140 811 2
141 831 2
142 802 2
142 813 2
142 817 2
143 802 2
144 798 2
145 814 2
145 830 2
148 804 2
148 807 2
149 797 2
149 799 2
149 803 2
151 795 2
152 794 2
152 829 2
153 807 2
154 792 2
154 832 2
155 792 2
156 811 2
157 830 2
157 833 2
158 794 2
158 810 2
158 817 2
159 818 2
161 784 2
161 792 2
161 801 2
161 820 2
162 788 2
162 797 2
162 805 2
165 821 2
167 797 2
169 795 2
170 794 2
170 812 2
171 786 2
171 807 2
171 821 2
172 794 2
172 833 2
173 784 2
173 799 2
173 821 2
174 802 2
174 819 2
174 831 2
175 786 2
176 790 2
178 799 2
179 784 2
179 796 2
179 826 2
180 817 2
181 806 2
183 784 2
183 832 2
184 811 2
185 815 2
187 790 2
187 816 2
188 809 2
189 812 2
189 814 2
190 785 2
190 799 2
191 807 2
191 809 2
191 814 2
193 822 2
193 824 2
194 804 2
195 786 2
195 823 2
196 787 2
196 811 2
196 827 2
198 825 2
200 792 2
200 819 2
200 832 2
202 785 2
202 792 2
203 801 2
204 800 2
205 791 2
206 816 2
207 804 2
208 784 2
208 828 2
209 821 2
212 786 2
214 789 2
215 793 2
215 794 2
215 804 2
215 823 2
217 788 2
217 821 2
217 833 2
218 784 2
218 827 2
219 784 2
219 811 2
219 813 2
220 815 2
220 825 2
221 822 2
222 792 2
222 830 2
223 790 2
224 807 2
224 813 2
225 792 2
225 793 2
225 809 2
226 787 2
227 795 2
228 815 2
229 790 2
229 808 2
231 825 2
232 800 2
232 802 2
234 805 2
234 822 2
238 820 2
239 792 2
239 797 2
239 801 2
241 790 2
241 820 2
243 793 2
243 798 2
243 808 2
243 829 2
244 793 2
244 797 2
245 792 2
246 794 2
246 801 2
246 823 2
247 820 2
247 821 2
248 802 2
249 789 2
250 784 2
250 790 2
250 803 2
250 818 2
250 819 2
252 829 2
253 804 2
254 794 2
254 830 2
255 784 2
255 794 2
255 825 2
256 809 2
256 810 2
256 823 2
257 785 2
257 808 2
257 828 2
258 828 2
259 802 2
259 831 2
260 786 2
260 792 2
260 820 2
261 806 2
261 829 2
263 804 2
263 823 2
264 784 2
264 791 2
265 826 2
266 827 2
267 800 2
267 825 2
267 833 2
269 794 2
269 805 2
270 788 2
270 818 2
271 808 2
271 833 2
272 796 2
272 831 2
273 805 2
274 792 2
274 795 2
274 824 2
276 800 2
278 815 2
279 797 2
280 811 2
281 798 2
281 820 2
282 785 2
282 797 2
282 821 2
283 814 2
284 793 2
284 807 2
284 832 2
288 791 2
288 795 2
288 810 2
288 814 2
288 817 1
288 831 2
290 821 2
290 825 2
291 821 2
292 809 2
293 785 2
294 795 2
294 819 2
295 816 2
297 792 2
297 821 2
299 796 2
301 830 2
302 804 2
303 819 2
304 831 2
305 819 2
306 805 2
306 808 2
308 800 2
309 832 2
311 800 2
311 818 2
311 822 2
311 829 2
312 816 2
314 797 2
316 785 2
316 826 2
318 791 2
318 811 2
319 786 2
319 797 2
319 827 2
322 788 2
325 814 2
326 800 2
327 831 2
328 823 2
328 824 2
329 829 2
330 791 2
330 798 2
330 830 2
331 818 2
332 819 2
333 807 2
334 806 2
334 823 2
336 793 2
337 795 2
338 798 2
339 788 2
340 794 2
341 808 2
342 830 2
343 826 2
344 801 2
347 818 2
348 811 2
349 822 2
350 797 2
351 785 2
353 820 2
354 807 2
355 794 2
355 806 2
355 824 2
356 796 2
357 788 2
357 801 2
358 787 2
358 822 2
359 818 2
360 794 2
360 822 2
360 827 2
362 831 2
363 792 2
363 817 2
363 829 2
364 787 2
364 789 2
364 806 2
364 832 2
365 828 2
366 790 2
366 798 2
366 821 2
367 806 2
369 812 2
369 823 2
372 831 2
373 822 2
374 788 2
374 826 2
377 788 2
381 798 2
381 807 2
381 830 2
381 833 2
382 816 2
383 789 2
384 789 2
384 798 2
384 819 2
385 785 2
385 788 2
386 788 2
386 814 2
387 810 2
388 820 2
391 831 2
393 828 2
394 817 2
396 823 2
399 811 2
399 818 2
400 828 2
402 807 2
403 789 2
404 801 2
404 805 2
404 815 2
405 807 2
406 799 2
407 825 2
409 802 2
409 805 2
410 796 2
411 804 2
412 816 2
412 817 2
412 828 2
413 803 2
413 818 2
413 819 2
414 790 2
414 814 2
416 810 2
417 830 2
418 784 2
420 804 2
421 805 2
421 809 2
422 797 2
423 788 2
423 803 2
423 821 2
423 829 2
424 810 2
425 792 2
425 793 2
426 800 2
426 807 2
428 796 2
430 819 2
431 787 2
432 797 2
432 824 2
433 807 2
434 816 2
435 787 2
437 827 2
440 821 2
441 785 2
441 800 2
442 789 2
443 810 2
444 813 2
445 787 2
445 794 2
445 802 2
445 827 2
447 785 2
449 797 2
449 820 2
450 831 2
453 810 2
453 830 2
454 788 2
454 799 2
454 826 2
456 789 2
456 790 2
457 815 2
458 801 1
459 806 2
459 810 2
459 817 2
459 832 2
460 819 2
460 827 2
462 811 2
462 828 2
465 794 2
465 804 2
466 790 2
466 810 2
467 812 2
467 825 2
470 786 2
470 798 2
471 814 2
472 785 2
472 822 2
473 830 2
474 805 2
474 812 2
474 823 2
476 812 2
476 826 2
477 819 2
478 799 2
479 827 2
480 790 2
484 816 2
485 792 2
486 804 2
487 827 2
488 824 2
490 799 2
490 811 2
493 788 2
493 830 2
494 795 2
494 803 2
495 801 2
495 815 2
495 818 2
496 793 2
496 826 2
496 828 2
497 789 2
498 805 2
498 825 2
499 826 2
500 810 2
502 818 2
503 802 2
503 814 2
503 817 2
504 808 2
505 795 2
506 806 2
506 821 2
507 802 2
507 803 2
508 796 2
508 811 2
508 827 2
510 787 2
511 789 2
511 803 2
513 800 2
514 800 2
515 787 2
515 801 2
516 791 2
516 795 2
519 786 2
520 788 2
523 825 2
524 810 2
526 813 2
526 825 2
526 833 2
527 823 2
528 832 2
529 808 2
531 796 2
532 789 2
534 812 2
534 816 2
536 801 2
539 813 2
540 789 2
542 792 2
544 819 2
544 824 2
545 794 2
545 832 2
546 784 2
546 802 2
548 799 2
551 827 2
552 815 2
553 812 2
553 822 2
554 793 2
554 798 2
556 828 2
558 807 2
559 801 2
560 800 2
561 788 2
561 815 2
561 825 2
563 787 2
563 831 2
564 787 2
565 821 2
567 787 2
567 790 2
567 791 2
567 825 2
567 830 2
571 826 2
573 791 2
574 804 2
574 821 2
575 811 2
576 803 2
576 824 2
577 817 2
577 820 2
577 825 2
578 809 2
579 789 2
581 787 2
581 796 2
581 812 2
582 800 2
583 799 2
584 816 2
586 789 2
586 824 2
587 810 2
589 793 2
590 796 2
590 802 2
592 799 2
592 809 2
592 818 2
592 828 2
594 805 2
595 816 2
595 821 2
596 807 2
596 832 2
597 810 2
597 822 2
599 811 2
599 815 2
599 816 2
599 820 2
603 811 2
603 828 2
604 786 2
604 792 2
604 795 2
605 824 2
606 788 2
606 796 2
607 792 2
608 788 2
609 790 2
610 796 2
611 828 2
612 792 2
612 815 2
612 822 2
614 804 2
615 818 2
616 790 2
616 796 2
616 805 2
617 815 2
618 803 2
621 785 2
621 810 2
621 818 2
621 823 2
624 832 2
625 816 2
625 823 2
626 791 2
626 814 2
627 788 2
627 796 2
628 791 2
628 815 2
629 817 2
629 824 2
630 829 2
630 832 2
631 788 2
634 789 2
636 792 2
636 809 2
636 820 2
637 803 2
637 825 2
639 820 2
639 827 2
639 829 2
640 808 2
641 803 2
641 826 2
642 825 2
643 809 2
645 809 2
645 824 2
646 811 2
646 814 2
647 790 2
648 795 2
649 796 2
649 807 2
650 809 2
650 833 2
651 832 2
653 793 2
653 826 2
657 811 2
660 808 2
660 819 2
660 822 2
661 820 2
662 811 2
663 791 2
663 828 2
664 831 2
665 819 2
666 785 2
667 790 2
667 791 2
667 796 2
667 816 2
669 784 2
669 802 2
670 789 2
670 815 2
672 815 2
673 799 2
675 816 2
676 794 2
676 795 2
676 811 2
677 826 2
679 830 2
680 820 2
681 785 2
681 786 2
682 787 2
682 822 2
683 797 2
683 817 2
685 791 2
685 819 2
687 808 2
687 830 2
688 815 2
689 808 2
689 810 2
690 818 2
690 822 2
690 830 2
691 811 2
691 820 2
692 813 2
692 829 2
693 797 2
693 818 2
694 793 2
694 801 2
695 794 2
695 800 2
697 785 2
697 813 2
699 788 2
700 798 2
702 792 2
702 804 2
702 814 2
705 792 2
705 810 2
705 823 2
707 792 2
707 823 2
708 786 2
708 805 2
709 787 2
709 800 2
712 803 2
712 805 2
714 795 2
714 824 2
716 794 2
718 807 2
718 811 2
718 824 2
720 786 2
721 805 2
721 827 2
721 828 2
723 795 2
723 801 2
723 803 2
724 822 2
725 806 2
728 788 2
728 796 2
728 802 2
728 809 2
728 821 2
729 788 2
729 793 2
730 795 2
730 819 2
730 821 2
731 824 2
732 797 2
733 833 2
735 784 2
736 813 2
737 829 2
738 797 2
738 808 2
738 819 2
739 796 2
739 812 2
739 825 2
740 795 2
740 803 2
740 819 2
741 790 2
741 802 2
742 794 2
742 800 2
742 807 2
743 787 2
743 808 2
743 824 2
743 825 2
744 789 2
745 833 2
749 806 2
749 828 2
750 785 2
750 829 2
751 809 2
751 815 2
753 788 2
753 804 2
754 785 2
754 812 2
754 817 2
755 788 2
757 821 2
757 832 2
759 797 2
760 793 2
760 812 2
761 828 2
762 811 2
762 814 2
763 785 2
763 823 2
763 827 2
764 787 2
764 788 2
764 803 2
764 831 2
766 808 2
766 826 2
766 830 2
767 816 2
768 787 2
768 812 2
769 810 2
769 819 2
772 809 2
773 832 2
775 832 2
777 802 2
777 829 2
779 800 2
779 813 2
780 795 2
780 802 2
782 794 2
782 816 2
786 856 2
786 881 2
787 862 2
791 869 2
791 880 2
792 838 2
792 844 2
794 872 2
795 845 2
795 853 2
796 879 2
797 846 2
797 847 2
797 881 2
798 837 2
799 866 2
799 874 2
800 834 2
800 859 2
802 851 2
802 856 2
802 876 2
803 835 2
803 840 2
803 869 2
804 857 2
805 871 2
809 858 2
810 850 2
810 879 2
812 837 2
813 871 2
814 883 2
816 864 2
816 872 2
817 835 2
817 862 2
818 852 2
819 858 2
820 871 2
821 870 2
822 845 2
822 875 2
822 881 2
823 843 2
825 836 2
828 845 2
829 851 2
829 881 2
830 854 2
830 859 2
831 846 2
832 840 2
832 863 2
833 843 2
833 869 2
840 886 2
841 891 2
842 902 2
853 889 2
853 900 2
854 888 2
854 894 2
860 902 2
862 885 2
862 893 2
866 889 2
867 886 2
867 887 2
868 901 2
869 887 2
873 886 2
873 894 2
874 884 2
875 889 2
879 901 2
880 886 2
881 886 2
881 895 2
881 900 2
883 889 2
896 906 2
898 911 2
901 912 2
