0 32 1
0 38 1
0 40 1
1 35 1
1 46 1
1 47 1
2 38 1
2 44 1
2 45 1
2 50 1
3 32 1
3 38 1
3 47 1
4 32 1
4 40 1
5 39 1
5 42 1
5 48 1
5 49 1
6 32 1
6 39 1
6 43 1
6 50 1
7 32 1
8 31 1
8 35 1
8 49 1
9 33 1
9 47 1
10 34 1
11 33 1
12 43 1
12 46 1
12 48 1
13 34 1
13 37 1
14 31 1
14 41 1
14 43 1
14 44 1
14 46 1
14 50 1
15 47 1
15 49 1
16 35 1
16 47 1
17 31 1
17 37 1
18 31 1
18 43 1
18 45 1
18 46 1
19 35 1
19 42 1
19 43 1
19 47 1
20 37 1
20 45 1
20 49 1
20 50 1
21 37 1
21 42 1
21 45 1
22 45 1
22 50 1
23 32 1
23 35 1
23 45 1
23 46 1
24 31 1
24 46 1
25 50 1
26 36 1
26 50 1
27 37 1
28 48 1
29 31 1
29 32 1
29 35 1
29 38 1
29 42 1
29 50 1
30 31 1
30 33 1
30 35 1
30 37 1
30 41 1
30 50 1
31 52 1
31 54 1
31 58 1
32 55 1
32 56 1
32 59 1
33 51 1
33 55 1
33 60 1
34 53 1
34 56 1
34 60 1
35 51 1
35 53 1
35 57 1
35 58 1
35 60 1
36 54 1
36 55 1
37 52 1
37 58 1
37 60 1
39 59 1
41 57 1
42 51 1
42 58 1
42 60 1
43 53 1
43 55 1
43 57 1
43 60 1
44 52 1
44 60 1
45 52 1
45 54 1
46 53 1
46 54 1
47 51 1
47 53 1
47 55 1
47 57 1
48 56 1
48 59 1
49 53 1
49 55 1
50 51 1
50 52 1
50 57 1
50 60 1
51 64 1
52 61 1
52 63 1
52 64 1
53 61 1
53 62 1
53 64 1
54 62 1
54 63 1
54 64 1
55 61 1
56 61 1
56 62 1
56 63 1
57 61 1
57 62 1
57 63 1
57 64 1
59 61 1
59 64 1
60 61 1
60 62 1
60 63 1
60 64 1
