0 32 2 
0 38 2 
0 40 2 
1 35 2 
1 46 2 
1 47 2 
2 38 2 
2 44 2 
2 45 2 
2 50 2 
3 32 2 
3 38 2 
3 47 2 
4 32 2 
4 40 2 
5 39 2 
5 42 2 
5 48 2 
5 49 2 
6 32 2 
6 39 2 
6 43 2 
6 50 1 
7 32 3 
8 31 2 
8 35 2 
8 49 2 
9 33 2 
9 47 2 
10 34 2 
11 33 2 
12 43 3 
12 46 2 
12 48 2 
13 34 2 
13 37 2 
14 31 2 
14 41 2 
14 43 2 
14 44 2 
14 46 2 
14 50 2 
15 47 2 
15 49 2 
16 35 2 
16 47 2 
17 31 2 
17 37 2 
18 31 2 
18 43 2 
18 45 2 
18 46 2 
19 35 2 
19 42 2 
19 43 2 
19 47 2 
20 37 2 
20 45 2 
20 49 2 
20 50 2 
21 37 2 
21 42 2 
21 45 2 
22 45 3 
22 50 2 
23 32 2 
23 35 2 
23 45 2 
23 46 2 
24 31 2 
24 46 2 
25 50 2 
26 36 2 
26 50 2 
27 37 2 
28 48 2 
29 31 2 
29 32 2 
29 35 2 
29 38 2 
29 42 2 
29 50 2 
30 31 2 
30 33 2 
30 35 2 
30 37 2 
30 41 2 
30 50 3 
31 52 2 
31 54 2 
31 58 2 
32 55 2 
32 56 3 
32 59 3 
33 51 2 
33 55 2 
33 60 2 
34 53 2 
34 56 2 
34 60 2 
35 51 2 
35 53 2 
35 57 2 
35 58 2 
35 60 3 
36 54 2 
36 55 2 
37 52 2 
37 58 2 
37 60 2 
39 59 2 
41 57 2 
42 51 2 
42 58 2 
42 60 2 
43 53 3 
43 55 2 
43 57 2 
43 60 2 
44 52 2 
44 60 1 
45 52 3 
45 54 3 
46 53 2 
46 54 2 
47 51 2 
47 53 3 
47 55 2 
47 57 2 
48 56 2 
48 59 2 
49 53 2 
49 55 2 
50 51 2 
50 52 2 
50 57 2 
50 60 3 
51 64 2 
52 61 2 
52 63 3 
52 64 2 
53 61 2 
53 62 3 
53 64 2 
54 62 2 
54 63 3 
54 64 2 
55 61 2 
56 61 3 
56 62 2 
56 63 2 
57 61 1 
57 62 2 
57 63 2 
57 64 2 
59 61 3 
59 64 1 
60 61 2 
60 62 2 
60 63 2 
60 64 3 
