0 31 2 
0 38 3 
0 40 2 
0 42 1 
0 43 1 
0 44 3 
0 45 2 
0 46 2 
0 47 2 
1 34 1 
1 42 1 
1 45 1 
2 31 3 
2 33 3 
2 34 3 
2 35 2 
2 37 3 
2 43 3 
3 38 1 
3 39 1 
3 40 1 
3 41 3 
3 42 1 
3 43 1 
3 49 3 
4 31 2 
4 40 3 
4 42 2 
4 45 3 
4 46 1 
5 32 3 
5 48 2 
6 43 3 
6 47 3 
6 48 1 
6 49 2 
7 32 1 
7 34 3 
7 35 3 
7 37 3 
7 38 3 
7 47 1 
7 48 3 
8 32 2 
8 33 1 
8 36 1 
8 39 2 
8 41 3 
8 43 3 
8 45 1 
8 49 1 
8 50 1 
9 39 3 
9 40 2 
9 41 3 
10 31 3 
10 37 3 
10 42 2 
10 44 3 
10 45 1 
10 46 1 
10 47 3 
11 36 3 
11 39 1 
11 42 2 
11 43 3 
12 33 2 
12 37 3 
12 42 1 
12 46 2 
12 47 3 
13 33 3 
13 45 3 
13 47 2 
14 34 1 
14 37 3 
14 43 3 
14 46 3 
14 48 3 
15 32 3 
15 34 1 
15 43 2 
15 44 1 
15 46 1 
15 47 1 
15 50 2 
16 32 1 
16 38 1 
16 41 1 
17 35 1 
17 37 3 
17 39 3 
17 43 1 
18 33 1 
18 37 2 
18 48 2 
18 49 3 
19 33 2 
19 35 3 
19 39 2 
19 40 1 
19 42 1 
19 43 1 
19 44 3 
19 46 3 
19 47 3 
19 48 1 
19 49 3 
20 40 3 
20 42 2 
20 48 1 
20 49 3 
21 31 3 
21 39 1 
21 48 1 
22 36 2 
22 37 2 
23 41 1 
23 47 1 
23 49 2 
24 31 2 
24 34 2 
24 43 3 
25 44 2 
26 34 2 
26 35 1 
26 37 3 
26 39 2 
26 40 1 
26 45 1 
26 50 1 
27 34 3 
27 42 2 
27 46 3 
27 49 3 
27 50 3 
28 34 2 
28 38 2 
28 44 1 
28 45 3 
29 35 1 
29 40 1 
29 44 1 
29 48 1 
30 35 1 
30 36 1 
31 51 2 
31 58 3 
31 60 2 
32 52 1 
32 53 1 
32 54 3 
32 55 2 
32 56 2 
32 57 2 
33 54 1 
34 52 1 
34 55 1 
35 51 3 
35 53 3 
35 54 3 
35 55 2 
35 57 3 
36 53 3 
37 58 1 
37 59 1 
37 60 1 
38 51 3 
38 52 1 
38 53 1 
38 59 3 
39 51 2 
39 60 3 
40 52 2 
40 55 3 
40 56 1 
41 52 3 
42 58 2 
44 53 3 
44 57 3 
44 58 1 
44 59 2 
45 52 1 
45 54 3 
45 55 3 
45 57 3 
45 58 3 
46 57 1 
46 58 3 
47 52 2 
47 53 1 
47 56 1 
47 59 2 
48 51 3 
48 53 3 
48 55 1 
48 59 1 
48 60 1 
49 59 3 
49 60 2 
50 51 3 
51 61 2 
52 64 3 
53 62 2 
53 64 1 
54 61 1 
54 62 3 
54 63 2 
54 64 2 
55 61 2 
56 64 1 
58 64 1 
59 63 1 
